0.735008	0.629142	7.21178	2.795e-17	4.4424e-17	0.862916	0.534212	0.859997	0.600045	5.19975	0.000345566	0.0138215	5.19975	0.00179686	6.95312e-310	74.4774
1.16051	0.494921	7.2149	-0.127131	-0.0118476	1.17385	0.481073	1.11998	0.600225	5.19943	0.00103664	0.0207296	5.19943	0.00538996	0.220628	2.17718e-314
1.25787	0.53314	7.1998	0.122279	0.0305126	0.969149	0.397513	1.37996	0.600629	5.19899	0.00207312	0.0276344	5.19898	0.0107781	6.95312e-310	1.82547
1.61596	0.595331	7.21355	0.161263	0.0462054	1.65063	0.62469	1.6399	0.601347	5.19842	0.00345484	0.0345348	5.19839	0.0179597	0.166701	2.17718e-314
1.85116	0.562258	5.9961	0.0268453	-0.227217	1.62331	0.499091	1.89982	0.60247	5.19773	0.00518158	0.0414297	5.19766	0.0269323	6.95312e-310	7.52421
2.16248	0.591836	5.99603	0.0414668	-0.172345	2.18882	0.648739	2.1597	0.604086	5.19691	0.00725307	0.0483182	5.19678	0.0376932	0.25138	2.17718e-314
2.37819	0.63827	5.57704	0.0602018	-0.311302	1.96701	0.557117	2.41954	0.606284	5.19597	0.00966898	0.0551989	5.19573	0.0502389	6.95312e-310	5.98965
2.65447	0.656006	5.57532	0.0494332	-0.293322	2.65526	0.66598	2.67932	0.609155	5.19491	0.0124289	0.062071	5.1945	0.0645654	0.00610899	2.17718e-314
2.92091	0.650007	5.50816	0.00353324	-0.437536	2.92034	0.645898	2.93904	0.612786	5.19372	0.0155325	0.0689333	5.19309	0.080668	6.95312e-310	0.331378
3.15585	0.646498	5.46306	-0.00949247	-0.40721	3.01222	0.637046	3.19869	0.617267	5.19241	0.0189791	0.0757847	5.19147	0.0985415	1.16145	2.17718e-314
3.44188	0.542497	5.50058	-0.158791	-0.826659	3.56096	0.485311	3.45825	0.622685	5.19097	0.0227684	0.0826241	5.18963	0.11818	6.95312e-310	1.32882
3.74524	0.429778	5.57475	-0.280066	-1.05966	3.89365	0.311793	3.71772	0.62913	5.18942	0.0268996	0.0894504	5.18754	0.139576	2.1639	2.17718e-314
4.02542	0.514573	5.54051	-0.14168	-0.533412	4.19786	0.698311	3.97708	0.636689	5.18775	0.0313721	0.0962627	5.18519	0.162724	6.95312e-310	4.08543
4.29899	0.507114	5.51966	-0.134385	-0.450935	4.30935	0.578564	4.23632	0.645449	5.18595	0.0361852	0.10306	5.18256	0.187614	0.344985	2.17718e-314
4.55817	0.546191	5.41286	-0.0900436	-0.304031	4.61908	0.68951	4.49542	0.655498	5.18405	0.0413382	0.10984	5.17962	0.214238	6.95312e-310	1.89276
4.74383	0.656047	5.22545	0.013854	-0.0541328	4.35143	0.899174	4.75437	0.666921	5.18202	0.0468302	0.116604	5.17634	0.242587	12.3811	2.17718e-314
4.99505	0.655474	5.14038	0.00632673	-0.0635263	5.20901	0.66599	5.01315	0.679804	5.17988	0.0526604	0.123349	5.1727	0.272649	6.95312e-310	1.47841
5.29463	0.650254	5.20416	-0.00349161	-0.0760995	5.51894	0.648233	5.27175	0.694234	5.17763	0.0588279	0.130074	5.16867	0.304413	2.67142	2.17718e-314
5.5538	0.656643	5.26015	0.000459608	-0.0616374	5.22834	0.639362	5.53013	0.710295	5.17526	0.0653316	0.136779	5.16422	0.337868	6.95312e-310	1.84816
5.84801	0.671502	5.30333	0.00689263	-0.0460944	6.022	0.708619	5.78828	0.728072	5.17278	0.0721706	0.143463	5.15932	0.372999	1.67997	2.17718e-314
6.08945	0.598685	5.2056	-0.0462146	-0.127863	5.89392	0.373584	6.04618	0.747647	5.1702	0.0793437	0.150124	5.15393	0.409793	6.95312e-310	3.49393
6.34323	0.711279	5.17971	0.0279944	-0.00499025	6.34249	0.948833	6.30379	0.769103	5.16751	0.0868499	0.156761	5.14803	0.448233	3.83332	2.17718e-314
6.59318	0.74258	5.13528	0.0424279	0.016329	6.62134	0.836138	6.5611	0.792523	5.16471	0.0946879	0.163373	5.14157	0.488305	6.95312e-310	0.446777
6.83924	0.741039	5.12172	0.036144	0.00644986	6.78214	0.714036	6.81808	0.817988	5.1618	0.102857	0.169959	5.13452	0.52999	0.217275	2.17718e-314
7.08082	0.724886	5.01062	0.0211895	-0.0151857	7.29121	0.630741	7.07469	0.845578	5.1588	0.111355	0.176519	5.12685	0.573269	6.95312e-310	2.44056
7.29779	0.807941	4.95926	0.0648203	0.0439222	7.13735	0.957217	7.3309	0.875373	5.15569	0.120181	0.183051	5.11851	0.618123	2.88653	2.17718e-314
7.59302	0.818608	5.13009	0.0630371	0.0388366	8.08349	0.819605	7.58668	0.907449	5.15249	0.129333	0.189554	5.10946	0.664531	6.95312e-310	4.92931
7.84351	0.797919	5.12212	0.0455424	0.0143746	7.80533	0.719126	7.84199	0.941886	5.14919	0.138811	0.196027	5.09966	0.712469	0.478912	2.17718e-314
8.09215	0.815251	5.03884	0.0487645	0.0167296	8.40453	0.884557	8.0968	0.978759	5.14579	0.148612	0.202468	5.08907	0.761915	6.95312e-310	2.21881
8.3285	0.833028	5.01693	0.052828	0.0208207	8.24796	0.840322	8.35106	1.01814	5.14231	0.158735	0.208879	5.07766	0.812843	0.345656	2.17718e-314
8.60001	0.919011	5.16588	0.0901783	0.0656177	8.45858	1.41118	8.60472	1.06011	5.13873	0.169179	0.215255	5.06537	0.865226	6.95312e-310	7.08806
8.83819	0.978046	5.14012	0.111409	0.0872696	8.74615	1.04858	8.85775	1.10473	5.13507	0.179942	0.221599	5.05216	0.919037	0.784817	2.17718e-314
9.1291	1.01604	5.21019	0.118649	0.0902912	9.8809	1.1419	9.1101	1.15208	5.13132	0.191022	0.227907	5.03798	0.974245	6.95312e-310	6.80437
9.36705	1.05009	5.18035	0.125274	0.093019	9.25579	1.04913	9.36172	1.20223	5.12748	0.202417	0.234179	5.0228	1.03082	0.650378	2.17718e-314
9.64757	1.12149	5.24491	0.14686	0.112777	10.1016	1.52474	9.61255	1.25524	5.12357	0.214126	0.240414	5.00656	1.08873	6.95312e-310	4.51131
9.92333	1.24884	5.28309	0.192574	0.15975	10.0484	1.44598	9.86254	1.31118	5.11958	0.226147	0.246611	4.98922	1.14794	3.28959	2.17718e-314
10.1705	1.33617	5.18024	0.218964	0.18274	10.5377	1.72555	10.1117	1.37011	5.11551	0.238478	0.252769	4.97074	1.20841	6.95312e-310	4.9363
10.3945	1.41786	5.14429	0.240856	0.198139	10.2492	1.45907	10.3598	1.4321	5.11137	0.251116	0.258887	4.95106	1.2701	1.24018	2.17718e-314
10.6248	1.49851	5.01285	0.262422	0.214051	10.9084	1.70343	10.6069	1.49721	5.10717	0.26406	0.264964	4.93014	1.33298	6.95312e-310	3.73604
10.8477	1.53236	4.97592	0.259924	0.198842	10.7313	1.45265	10.853	1.56549	5.10289	0.277309	0.271	4.90794	1.39701	1.09509	2.17718e-314
11.1147	1.58375	5.05007	0.260707	0.186976	11.4783	1.42876	11.0979	1.637	5.09855	0.290859	0.276993	4.8844	1.46213	6.95312e-310	2.06526
11.3945	1.63346	5.09716	0.259617	0.174225	11.587	1.61462	11.3416	1.71179	5.09414	0.304708	0.282942	4.85948	1.52832	1.9879	2.17718e-314
11.6248	1.68929	5.03592	0.265609	0.171765	11.4763	1.53917	11.584	1.78992	5.08968	0.318855	0.288846	4.83313	1.59551	6.95312e-310	0.74103
11.8536	1.75527	5.0159	0.274942	0.172779	11.7788	1.74591	11.8251	1.87144	5.08516	0.333298	0.294705	4.80531	1.66366	0.298508	2.17718e-314
12.1113	1.84516	5.10964	0.290044	0.179121	12.136	2.14937	12.0647	1.95639	5.08058	0.348033	0.300517	4.77598	1.73273	6.95312e-310	1.5327
12.3539	1.8769	5.08941	0.280229	0.15699	12.3226	1.78353	12.3029	2.04482	5.07596	0.363059	0.306282	4.74508	1.80265	0.608753	2.17718e-314
12.6108	1.93929	5.15942	0.281595	0.148097	12.5457	1.77728	12.5394	2.13677	5.07128	0.378373	0.311998	4.71257	1.87338	6.95312e-310	0.881854
12.8116	2.07203	5.11982	0.320628	0.185679	12.5924	2.17509	12.7743	2.23227	5.06656	0.393973	0.317665	4.67842	1.94485	3.33547	2.17718e-314
13.0806	2.1812	5.24822	0.33713	0.191887	13.2198	2.6644	13.0075	2.33137	5.0618	0.409856	0.323282	4.64258	2.01701	6.95312e-310	3.21698
13.2852	2.32156	5.21405	0.374636	0.225007	13.0875	2.40708	13.2388	2.43409	5.057	0.42602	0.328848	4.605	2.08981	2.63372	2.17718e-314
13.4628	2.46141	5.03875	0.416476	0.265662	12.7087	3.12439	13.4682	2.54047	5.05217	0.442462	0.334362	4.56565	2.16317	6.95312e-310	11.1173
13.7129	2.57947	5.07619	0.433562	0.26994	13.836	2.62479	13.6955	2.65053	5.0473	0.459181	0.339823	4.52448	2.23703	0.907721	2.17718e-314
13.9324	2.69078	5.0466	0.450572	0.274975	13.8302	2.73893	13.9208	2.7643	5.0424	0.476172	0.34523	4.48147	2.31134	6.95312e-310	0.199385
14.1617	2.8458	5.07903	0.482686	0.296302	14.2106	2.94205	14.1439	2.88179	5.03748	0.493433	0.350583	4.43656	2.38601	0.711764	2.17718e-314
14.4127	2.95865	5.18231	0.487005	0.280034	14.5568	2.87021	14.3646	3.00303	5.03253	0.510962	0.355881	4.38974	2.46099	6.95312e-310	1.39594
14.6185	3.03163	5.11692	0.483276	0.259705	14.4616	2.90734	14.583	3.12802	5.02756	0.528756	0.361122	4.34097	2.5362	2.20849	2.17718e-314
14.8508	3.18723	5.20145	0.507779	0.270598	14.6754	3.96041	14.7989	3.25679	5.02257	0.546812	0.366307	4.29021	2.61157	6.95312e-310	3.68871
15.0605	3.38002	5.22942	0.551064	0.305158	15.0261	3.5067	15.0122	3.38932	5.01757	0.565128	0.371433	4.23744	2.68703	1.15627	2.17718e-314
15.2712	3.54555	5.1885	0.582315	0.327019	15.3685	4.14761	15.2228	3.52563	5.01256	0.583699	0.376501	4.18263	2.76249	6.95312e-310	2.65916
15.4861	3.73388	5.22524	0.616632	0.347712	15.5236	3.82936	15.4306	3.66572	5.00754	0.602525	0.381509	4.12575	2.83789	0.653988	2.17718e-314
15.6968	3.86842	5.20096	0.627286	0.340487	15.7234	3.4105	15.6355	3.80957	5.00251	0.6216	0.386458	4.06678	2.91315	6.95312e-310	0.990227
15.9186	4.01215	5.2074	0.637635	0.332714	15.9774	4.00094	15.8375	3.95719	4.99749	0.640923	0.391345	4.00571	2.98817	0.19865	2.17718e-314
16.1136	4.17184	5.12494	0.662862	0.348146	16.3376	4.21632	16.0363	4.10854	4.99246	0.66049	0.39617	3.94251	3.0629	6.95312e-310	1.74243
16.3109	4.36727	5.1571	0.694806	0.364798	16.3313	4.44499	16.2319	4.26363	4.98744	0.680299	0.400933	3.87716	3.13723	0.408982	2.17718e-314
16.5212	4.53196	5.18389	0.70831	0.358175	16.7586	4.48231	16.4242	4.42242	4.98243	0.700345	0.405632	3.80966	3.21109	6.95312e-310	0.633096
16.6987	4.69888	5.15991	0.728764	0.361218	16.6039	4.67344	16.613	4.5849	4.97743	0.720627	0.410268	3.74	3.28438	0.505804	2.17718e-314
16.8521	4.88208	5.00537	0.768904	0.398314	16.9236	5.10119	16.7983	4.75103	4.97244	0.74114	0.414838	3.66817	3.35704	6.95312e-310	4.18988
17.0155	5.10865	5.04611	0.810747	0.423368	16.9955	5.21099	16.9799	4.92077	4.96747	0.761882	0.419343	3.59416	3.42897	0.727719	2.17718e-314
17.1861	5.2737	5.00372	0.826921	0.419769	17.3421	4.64623	17.1579	5.09409	4.96252	0.782849	0.423782	3.51797	3.50008	6.95312e-310	1.58293
17.3436	5.45547	4.98868	0.848889	0.420956	17.2894	5.43542	17.3319	5.27094	4.9576	0.804038	0.428154	3.4396	3.57028	0.175148	2.17718e-314
17.5007	5.61795	4.92269	0.864959	0.418587	17.6463	4.74597	17.5019	5.45128	4.9527	0.825446	0.432459	3.35907	3.63949	6.95312e-310	2.98084
17.6907	5.74259	4.87501	0.855385	0.383981	17.7853	5.62476	17.6679	5.63506	4.94783	0.847069	0.436695	3.27637	3.70762	1.4881	2.17718e-314
17.8365	5.93127	4.81966	0.883529	0.399472	17.9216	6.07151	17.8297	5.82221	4.943	0.868904	0.440862	3.19151	3.77458	6.95312e-310	0.841987
18.0085	6.12642	4.8502	0.900167	0.395626	18.1263	6.16985	17.9872	6.01269	4.9382	0.890947	0.444959	3.10453	3.84027	0.826945	2.17718e-314
18.16	6.33085	4.87689	0.922778	0.398058	18.1245	6.79027	18.1402	6.20641	4.93344	0.913195	0.448987	3.01542	3.90462	6.95312e-310	0.792596
18.281	6.57339	4.91748	0.964772	0.42306	18.2164	6.66138	18.2888	6.40332	4.92872	0.935644	0.452943	2.92421	3.96753	0.781077	2.17718e-314
18.4143	6.78347	4.90978	0.990923	0.430589	18.4022	7.02231	18.4328	6.60333	4.92404	0.958291	0.456828	2.83093	4.0289	6.95312e-310	0.266878
18.5601	6.9203	4.82407	0.986544	0.401478	18.5422	6.76013	18.572	6.80638	4.91942	0.981133	0.46064	2.7356	4.08867	1.6403	2.17718e-314
18.7104	7.12699	4.88645	0.997241	0.385356	18.8089	7.24388	18.7064	7.01237	4.91484	1.00417	0.46438	2.63825	4.14672	6.95312e-310	0.752011
18.9056	7.26815	4.84578	0.976863	0.340864	19.1441	7.18344	18.8359	7.22122	4.91032	1.02738	0.468047	2.53893	4.20299	3.78114	2.17718e-314
18.9962	7.46285	4.7339	1.01266	0.370726	18.5479	7.4012	18.9604	7.43283	4.90586	1.05079	0.47164	2.43767	4.25737	6.95312e-310	3.77972
19.0864	7.73319	4.80775	1.06182	0.405125	19.0138	7.8688	19.0798	7.64712	4.90145	1.07437	0.475158	2.3345	4.3098	1.57164	2.17718e-314
19.2086	7.93808	4.81697	1.07624	0.396563	19.3089	7.67375	19.1939	7.86397	4.89711	1.09813	0.478601	2.22949	4.36017	6.95312e-310	0.267844
19.2871	8.15713	4.80194	1.10866	0.410511	19.132	8.12845	19.3028	8.08329	4.89283	1.12206	0.481969	2.12266	4.40842	1.32728	2.17718e-314
19.3871	8.36664	4.81731	1.12495	0.400903	19.0239	8.17194	19.4062	8.30497	4.88863	1.14615	0.48526	2.01409	4.45445	6.95312e-310	2.20502
19.4812	8.51268	4.70131	1.12821	0.382198	19.347	8.30741	19.5042	8.5289	4.88449	1.17042	0.488475	1.90381	4.49819	3.37403	2.17718e-314
19.5743	8.71688	4.66596	1.14925	0.387308	19.6843	8.35902	19.5966	8.75494	4.88042	1.19484	0.491613	1.7919	4.53956	6.95312e-310	0.482915
19.7338	8.89513	4.6511	1.13681	0.352344	20.0039	8.8906	19.6835	8.983	4.87643	1.21942	0.494673	1.67841	4.57848	4.04703	2.17718e-314
19.81	9.11153	4.60908	1.16757	0.373084	19.6061	9.48659	19.7645	9.21294	4.87251	1.24416	0.497655	1.56341	4.61488	6.95312e-310	0.972076
19.9379	9.34494	4.66478	1.17735	0.363573	20.1574	9.45949	19.8398	9.44463	4.86868	1.26904	0.500558	1.44697	4.64869	3.2184	2.17718e-314
19.9869	9.55896	4.57812	1.21784	0.399228	19.6163	9.76606	19.9093	9.67795	4.86493	1.29407	0.503383	1.32916	4.67984	6.95312e-310	2.54374
20.0719	9.80618	4.63365	1.24228	0.404326	20.1573	9.90876	19.9728	9.91275	4.86127	1.31923	0.506127	1.21005	4.70826	0.968679	2.17718e-314
20.1334	10.0563	4.70027	1.26965	0.407794	19.1911	11.5493	20.0303	10.1489	4.85769	1.34454	0.508793	1.08972	4.73389	6.95312e-310	7.30729
20.18	10.337	4.78269	1.30978	0.429487	20.166	10.4687	20.0818	10.3863	4.85421	1.36998	0.511377	0.968259	4.75666	1.11869	2.17718e-314
20.198	10.5685	4.71993	1.35533	0.466484	19.6775	10.803	20.1271	10.6247	4.85081	1.39555	0.513881	0.845742	4.77652	6.95312e-310	2.98548
20.2546	10.8493	4.80712	1.38508	0.473501	20.371	11.0109	20.1663	10.864	4.84751	1.42124	0.516304	0.722256	4.7934	2.16805	2.17718e-314
20.283	11.1081	4.85085	1.41576	0.478537	19.4335	12.3402	20.1993	11.1041	4.84431	1.44706	0.518645	0.597892	4.80727	6.95312e-310	4.90607
20.3171	11.3481	4.8511	1.43979	0.478652	20.3164	11.3483	20.2261	11.3449	4.8412	1.47299	0.520904	0.472738	4.81807	2.9882e-05	2.17718e-314
20.2659	11.5913	4.75685	1.51332	0.55552	19.2063	12.2418	20.2466	11.5861	4.8382	1.49904	0.523081	0.346889	4.82575	6.95312e-310	10.8393
20.3364	11.8336	4.77465	1.51881	0.531707	20.6141	11.9422	20.2608	11.8275	4.83529	1.52519	0.525176	0.220439	4.83027	4.7207	2.17718e-314
20.3612	12.0691	4.82205	1.52574	0.493892	19.966	11.9688	20.2687	12.0692	4.83249	1.55145	0.527187	0.093487	4.83159	6.95312e-310	3.62912
20.3458	12.3632	4.9158	1.56561	0.509667	20.3263	12.4966	20.2701	12.3108	4.8298	1.57781	0.529115	-0.0338694	4.82968	1.14453	2.17718e-314
20.2975	12.5985	4.84509	1.62219	0.561431	20.0192	12.4823	20.2652	12.5522	4.82722	1.60426	0.53096	-0.161529	4.82451	6.95312e-310	3.34151
20.3227	12.8371	4.83818	1.63424	0.544579	20.498	12.8924	20.254	12.7933	4.82474	1.63081	0.532721	-0.28939	4.81605	1.81621	2.17718e-314
20.3116	13.0653	4.80704	1.65977	0.545835	20.9151	12.2555	20.2363	13.0339	4.82237	1.65745	0.534397	-0.417348	4.80428	6.95312e-310	2.0918
20.2777	13.276	4.75717	1.68863	0.54766	20.1943	13.1688	20.2122	13.2738	4.82012	1.68417	0.53599	-0.545298	4.78918	0.987936	2.17718e-314
20.2399	13.5094	4.76411	1.71517	0.542462	19.858	13.5236	20.1818	13.5129	4.81798	1.71097	0.537498	-0.673135	4.77072	6.95312e-310	1.28851
20.2171	13.7725	4.81169	1.73785	0.537641	20.3245	13.8896	20.1449	13.7509	4.81595	1.73784	0.53892	-0.800753	4.74892	1.33969	2.17718e-314
20.1631	13.997	4.77924	1.77348	0.553663	20.3387	13.5307	20.1017	13.9878	4.81404	1.76479	0.540258	-0.928043	4.72374	6.95312e-310	0.861787
20.1055	14.2566	4.8291	1.80398	0.556456	20.1216	14.337	20.0521	14.2233	4.81225	1.7918	0.54151	-1.0549	4.69521	0.388992	2.17718e-314
20.0341	14.4847	4.8248	1.83569	0.559518	19.6717	14.4038	19.9962	14.4573	4.81058	1.81888	0.542677	-1.18121	4.66331	6.95312e-310	1.38569
19.9227	14.745	4.89478	1.88032	0.576626	19.781	14.773	19.934	14.6897	4.80903	1.84601	0.543759	-1.30687	4.62805	1.24585	2.17718e-314
19.8566	14.9615	4.8752	1.89771	0.554744	20.1149	14.0165	19.8655	14.9202	4.80759	1.8732	0.544754	-1.43177	4.58944	6.95312e-310	3.37318
19.8278	15.1758	4.821	1.90654	0.535417	20.0208	15.2053	19.7908	15.1486	4.80628	1.90044	0.545663	-1.55581	4.54751	2.12688	2.17718e-314
19.6989	15.3822	4.75694	1.97914	0.622059	20.0157	15.3443	19.7099	15.3749	4.80509	1.92772	0.546486	-1.67887	4.50226	6.95312e-310	7.99693
19.6736	15.564	4.65116	1.98581	0.597228	19.9131	15.554	19.6229	15.5989	4.80403	1.95504	0.547223	-1.80085	4.45372	3.34255	2.17718e-314
19.5831	15.7647	4.63142	2.01191	0.590502	19.9388	15.0864	19.5298	15.8203	4.80309	1.98241	0.547873	-1.92164	4.40193	6.95312e-310	1.27337
19.4769	15.982	4.65095	2.04221	0.591209	19.4748	16.0098	19.4307	16.039	4.80227	2.0098	0.548437	-2.04114	4.3469	0.0468485	2.17718e-314
19.3771	16.1879	4.65708	2.05881	0.564139	19.1556	16.0022	19.3257	16.2549	4.80158	2.03722	0.548915	-2.15925	4.28868	6.95312e-310	1.78027
19.268	16.3652	4.60887	2.08866	0.566091	19.238	16.2719	19.2148	16.4679	4.80101	2.06467	0.549305	-2.27586	4.22731	0.533547	2.17718e-314
19.1528	16.5589	4.59821	2.11818	0.569204	19.4007	16.2962	19.0981	16.6777	4.80057	2.09213	0.549609	-2.39087	4.16284	6.95312e-310	0.246747
19.0177	16.7757	4.6466	2.14823	0.57058	19.0029	16.8387	18.9757	16.8841	4.80025	2.11961	0.549826	-2.50418	4.0953	0.257481	2.17718e-314
18.8615	16.968	4.65529	2.20627	0.629463	18.8373	17.7112	18.8477	17.0872	4.80006	2.1471	0.549957	-2.61571	4.02476	6.95312e-310	6.71965
18.6791	17.2147	4.79568	2.24248	0.633423	18.6148	17.3832	18.7142	17.2866	4.8	2.1746	0.55	-2.72534	3.95127	2.0248	2.17718e-314
18.5776	17.417	4.777	2.22889	0.550432	18.8177	17.0316	18.5752	17.4822	4.80006	2.2021	0.549957	-2.83299	3.87489	6.95312e-310	5.96435
18.3578	17.6162	4.8698	2.27697	0.570504	18.1023	17.5529	18.4309	17.674	4.80025	2.2296	0.549826	-2.93858	3.79568	3.85412	2.17718e-314
18.2211	17.8079	4.86082	2.2813	0.524175	18.2749	17.4877	18.2814	17.8617	4.80057	2.25709	0.549609	-3.042	3.71372	6.95312e-310	2.40075
18.0907	17.9918	4.83038	2.29794	0.514815	18.2094	18.0461	18.1268	18.0453	4.80101	2.28457	0.549305	-3.14318	3.62906	0.921918	2.17718e-314
17.9158	18.1462	4.80551	2.34034	0.544029	18.3021	17.498	17.9671	18.2246	4.80158	2.31204	0.548915	-3.24204	3.5418	6.95312e-310	1.96714
17.7901	18.2826	4.70379	2.36172	0.538901	17.9018	18.2183	17.8026	18.3994	4.80227	2.33948	0.548437	-3.3385	3.45199	1.05165	2.17718e-314
17.6591	18.4612	4.67959	2.36926	0.511934	18.8558	18.1364	17.6334	18.5697	4.80309	2.3669	0.547873	-3.43247	3.35973	6.95312e-310	6.65812
17.4587	18.6484	4.75542	2.39771	0.514272	17.3845	18.7039	17.4595	18.7353	4.80403	2.3943	0.547223	-3.5239	3.26509	0.547904	2.17718e-314
17.2798	18.7883	4.73183	2.43211	0.528979	17.7945	18.0801	17.281	18.8962	4.80509	2.42166	0.546486	-3.61271	3.16817	6.95312e-310	1.73231
17.121	18.9223	4.67815	2.45671	0.527482	17.1762	18.8863	17.0983	19.0521	4.80628	2.44898	0.545663	-3.69883	3.06904	0.276531	2.17718e-314
16.9536	19.0926	4.68938	2.46895	0.507173	16.9398	19.7311	16.9113	19.203	4.80759	2.47627	0.544754	-3.78221	2.9678	6.95312e-310	3.08393
16.7349	19.2099	4.69922	2.50932	0.522182	16.5734	19.052	16.7201	19.3488	4.80903	2.5035	0.543759	-3.86278	2.86455	2.69456	2.17718e-314
16.5434	19.3647	4.72573	2.53288	0.522682	16.1674	20.2201	16.5251	19.4894	4.81058	2.53069	0.542677	-3.9405	2.75938	6.95312e-310	3.25521
16.3115	19.5317	4.8208	2.55853	0.521381	16.2338	19.6171	16.3262	19.6246	4.81225	2.55783	0.54151	-4.01531	2.65237	0.848476	2.17718e-314
16.0898	19.6143	4.79445	2.60839	0.55537	16.4366	18.2742	16.1237	19.7545	4.81404	2.5849	0.540258	-4.08716	2.54364	6.95312e-310	10.074
15.8824	19.7597	4.82544	2.62867	0.547576	15.9243	19.8703	15.9176	19.8789	4.81595	2.61191	0.53892	-4.15602	2.43329	0.75254	2.17718e-314
15.6959	19.8824	4.77849	2.63503	0.506144	16.2328	19.2166	15.7082	19.9978	4.81798	2.63886	0.537498	-4.22185	2.32141	6.95312e-310	3.27006
15.4592	20.0395	4.86841	2.65281	0.497616	15.4332	20.1836	15.4956	20.111	4.82012	2.66574	0.53599	-4.28461	2.2081	1.26504	2.17718e-314
15.2436	20.1845	4.90056	2.66389	0.477817	14.3677	21.3406	15.2799	20.2185	4.82237	2.69253	0.534397	-4.34427	2.09347	6.95312e-310	5.64876
15.0589	20.3125	4.86721	2.67615	0.466577	15.2016	20.4385	15.0613	20.3203	4.82474	2.71925	0.532721	-4.4008	1.97763	1.92825	2.17718e-314
14.8278	20.3961	4.86724	2.71257	0.485514	14.7476	19.9571	14.84	20.4162	4.82721	2.74589	0.53096	-4.4542	1.86068	6.95312e-310	2.11008
14.6129	20.5142	4.87534	2.72957	0.478197	14.6665	20.6088	14.6161	20.5063	4.8298	2.77244	0.529115	-4.50443	1.74272	0.625469	2.17718e-314
14.3731	20.6039	4.90525	2.76435	0.499181	13.841	21.0031	14.3897	20.5904	4.8325	2.79889	0.527187	-4.55149	1.62386	6.95312e-310	1.22735
14.1274	20.6773	4.91903	2.79629	0.506	14.0521	20.5924	14.1611	20.6686	4.83529	2.82525	0.525176	-4.59537	1.50421	0.682056	2.17718e-314
13.8879	20.7505	4.93503	2.8305	0.523527	13.8232	20.859	13.9304	20.7408	4.8382	2.85151	0.523081	-4.63606	1.38386	6.95312e-310	0.357854
13.6115	20.8156	4.99645	2.86449	0.530608	13.4686	20.7253	13.6977	20.807	4.8412	2.87767	0.520904	-4.67357	1.26294	1.55724	2.17718e-314
13.3601	20.8488	5.01542	2.91548	0.574907	13.8263	20.4261	13.4632	20.8671	4.84431	2.90371	0.518645	-4.70789	1.14153	6.95312e-310	2.44233
13.1179	20.8875	4.99955	2.94857	0.579476	13.1072	20.8294	13.2271	20.9211	4.84751	2.92964	0.516304	-4.73904	1.01975	0.190244	2.17718e-314
12.8846	20.9466	4.98611	2.97041	0.570977	13.2669	21.1579	12.9895	20.969	4.85081	2.95546	0.513881	-4.76702	0.897694	6.95312e-310	1.78469
12.6951	20.9846	4.88741	2.99452	0.568278	12.8729	21.0592	12.7506	21.0108	4.85421	2.98115	0.511377	-4.79186	0.775469	2.09587	2.17718e-314
12.4386	21.0271	4.92455	3.02216	0.569544	11.5171	21.6724	12.5106	21.0465	4.85769	3.00672	0.508793	-4.81358	0.653175	6.95312e-310	2.53163
12.1934	21.0636	4.93181	3.047	0.565721	12.2062	21.11	12.2695	21.0761	4.86127	3.03216	0.506127	-4.83219	0.530912	0.124467	2.17718e-314
11.9541	21.0836	4.93074	3.07798	0.573454	12.3859	21.1066	12.0276	21.0996	4.86493	3.05747	0.503383	-4.84773	0.408778	6.95312e-310	0.980349
11.7161	21.0523	4.89399	3.12191	0.589705	11.6814	20.8651	11.785	21.117	4.86868	3.08264	0.500558	-4.86022	0.286869	1.96044	2.17718e-314
11.4684	21.039	4.89534	3.15739	0.596827	11.5265	20.6748	11.5418	21.1283	4.87251	3.10767	0.497655	-4.86971	0.165281	6.95312e-310	1.09379
11.259	21.0298	4.83194	3.1875	0.59849	11.363	21.0688	11.2982	21.1335	4.87643	3.13255	0.494673	-4.87623	0.0441057	0.707532	2.17718e-314
11.0032	20.9918	4.85333	3.22676	0.608789	10.5558	20.5567	11.0544	21.1327	4.88042	3.15728	0.491613	-4.87982	-0.076565	6.95312e-310	4.16207
10.7994	20.9515	4.78115	3.26376	0.617244	10.8903	20.927	10.8105	21.1259	4.88449	3.18186	0.488475	-4.88053	-0.196643	0.562735	2.17718e-314
10.5543	20.9481	4.74822	3.27241	0.576483	9.30535	21.3896	10.5666	21.1131	4.88862	3.20629	0.48526	-4.8784	-0.31604	6.95312e-310	5.50615
10.2648	20.9788	4.85882	3.27447	0.545957	10.189	21.209	10.3229	21.0943	4.89283	3.23055	0.481969	-4.87349	-0.434674	3.45778	2.17718e-314
10.0275	20.9595	4.84994	3.29445	0.536303	9.97958	21.2932	10.0795	21.0697	4.89711	3.25465	0.478601	-4.86585	-0.552463	6.95312e-310	1.02108
9.84225	20.9177	4.75363	3.32535	0.542756	9.99634	20.9797	9.83658	21.0391	4.90145	3.27858	0.475158	-4.85554	-0.669327	1.58883	2.17718e-314
9.61588	20.9051	4.68526	3.3285	0.500314	9.38223	21.111	9.59422	21.0028	4.90586	3.30234	0.47164	-4.84262	-0.785189	6.95312e-310	2.28378
9.42805	20.8525	4.61077	3.35937	0.508024	9.53921	20.8762	9.35258	20.9607	4.91032	3.32592	0.468047	-4.82714	-0.899977	0.773088	2.17718e-314
9.21315	20.8084	4.59913	3.38337	0.508352	9.63392	20.9724	9.11177	20.9128	4.91484	3.34932	0.46438	-4.80919	-1.01362	6.95312e-310	1.42285
8.90524	20.7818	4.74975	3.38829	0.483883	8.70331	20.8221	8.87192	20.8594	4.91942	3.37254	0.46064	-4.78881	-1.12605	2.70762	2.17718e-314
8.69592	20.7011	4.72209	3.42372	0.498279	9.84634	20.009	8.63315	20.8003	4.92404	3.39557	0.456828	-4.76608	-1.2372	6.95312e-310	4.33021
8.40858	20.6205	4.83235	3.44603	0.493349	8.22277	20.4839	8.39557	20.7358	4.92872	3.41841	0.452943	-4.74108	-1.34701	2.94706	2.17718e-314
8.18052	20.5406	4.83941	3.4743	0.499491	8.29647	20.4978	8.1593	20.6657	4.93344	3.44106	0.448987	-4.71387	-1.45542	6.95312e-310	0.0729831
7.93416	20.4613	4.872	3.49583	0.495255	7.88599	20.45	7.92445	20.5903	4.9382	3.46351	0.444959	-4.68453	-1.56237	0.147922	2.17718e-314
7.71791	20.3756	4.88592	3.52729	0.511079	8.29081	20.6565	7.69111	20.5096	4.943	3.48576	0.440862	-4.65313	-1.66781	6.95312e-310	3.4206
7.39507	20.3194	5.0459	3.52358	0.477385	7.18029	20.392	7.45939	20.4237	4.94783	3.5078	0.436695	-4.61975	-1.7717	3.34152	2.17718e-314
7.16079	20.2241	5.03512	3.54449	0.470882	7.09214	20.1196	7.22939	20.3326	4.9527	3.52963	0.432459	-4.58448	-1.87399	6.95312e-310	0.242754
6.89284	20.1409	5.09437	3.55525	0.456451	6.81542	20.1859	7.00119	20.2364	4.9576	3.55126	0.428154	-4.54738	-1.97462	0.521781	2.17718e-314
6.6668	20.0501	5.06234	3.57121	0.445251	6.89359	20.1536	6.7749	20.1352	4.96252	3.57266	0.423782	-4.50854	-2.07357	6.95312e-310	0.563518
6.4194	19.9578	5.08848	3.58472	0.435701	6.38914	20.0137	6.55059	20.0292	4.96747	3.59385	0.419343	-4.46805	-2.17079	0.242309	2.17718e-314
6.20281	19.8647	5.06013	3.60225	0.431653	6.67637	20.2142	6.32834	19.9183	4.97244	3.61482	0.414838	-4.42598	-2.26625	6.95312e-310	2.94203
5.93808	19.7705	5.11828	3.60931	0.415512	5.86119	19.8306	6.10823	19.8027	4.97743	3.63556	0.410268	-4.38241	-2.35993	0.612337	2.17718e-314
5.70102	19.6268	5.18759	3.6437	0.439264	5.28178	19.5036	5.89034	19.6824	4.98243	3.65608	0.405632	-4.33744	-2.45178	6.95312e-310	1.76212
5.53691	19.5017	5.08312	3.67741	0.453428	5.69089	19.5755	5.67472	19.5577	4.98744	3.67636	0.400933	-4.29114	-2.5418	1.72475	2.17718e-314
5.33456	19.3532	5.07628	3.7099	0.466	5.9506	18.9859	5.46145	19.4284	4.99246	3.6964	0.39617	-4.24359	-2.62995	6.95312e-310	1.78718
5.12593	19.2507	5.05056	3.72216	0.454987	5.17021	19.4397	5.25059	19.2948	4.99749	3.71621	0.391345	-4.19488	-2.71622	1.98585	2.17718e-314
4.94152	19.1382	4.9519	3.73597	0.438269	5.87397	19.301	5.04219	19.157	5.00251	3.73578	0.386458	-4.1451	-2.80059	6.95312e-310	4.70068
4.78603	18.9878	4.88096	3.77219	0.454887	4.89149	18.982	4.8363	19.015	5.00754	3.7551	0.381509	-4.09432	-2.88305	0.723424	2.17718e-314
4.57404	18.8378	4.94136	3.79591	0.461027	3.98679	19.0452	4.63297	18.8689	5.01256	3.77418	0.376501	-4.04263	-2.96359	6.95312e-310	1.53695
4.40066	18.7064	4.89473	3.8176	0.460614	4.4685	18.834	4.43224	18.7188	5.01757	3.793	0.371433	-3.99012	-3.0422	1.10889	2.17718e-314
4.22573	18.5634	4.82401	3.83597	0.449235	4.69245	18.4634	4.23416	18.5648	5.02257	3.81158	0.366307	-3.93685	-3.11888	6.95312e-310	1.24385
4.10748	18.4103	4.72341	3.87509	0.469474	4.26269	18.481	4.03876	18.4071	5.02756	3.82989	0.361122	-3.88293	-3.19362	1.75263	2.17718e-314
3.91469	18.2381	4.87205	3.90782	0.495374	3.42434	18.8357	3.84606	18.2457	5.03253	3.84795	0.355881	-3.82841	-3.26644	6.95312e-310	7.35714
3.64962	18.095	4.98193	3.89763	0.454759	3.45919	18.167	3.65611	18.0807	5.03748	3.86574	0.350583	-3.77339	-3.33732	2.70649	2.17718e-314
3.49351	17.9448	4.87244	3.91425	0.439975	4.3011	17.9267	3.46891	17.9122	5.0424	3.88327	0.34523	-3.71795	-3.40627	6.95312e-310	3.42894
3.2605	17.7767	4.95478	3.91678	0.416909	3.12525	17.7493	3.28449	17.7402	5.0473	3.90053	0.339823	-3.66215	-3.47331	1.20581	2.17718e-314
3.07444	17.5933	5.03495	3.94296	0.431396	2.65664	17.888	3.10287	17.565	5.05217	3.91752	0.334362	-3.60609	-3.53844	6.95312e-310	2.27405
2.90041	17.475	4.97777	3.94607	0.412614	2.9449	17.8154	2.92405	17.3866	5.057	3.93424	0.328848	-3.54982	-3.60167	6.20359	2.17718e-314
2.7503	17.2596	5.05773	3.99113	0.450979	3.26647	17.0897	2.74805	17.2051	5.0618	3.95068	0.323282	-3.49344	-3.66302	6.95312e-310	2.94377
2.57487	17.072	5.06843	4.00918	0.445882	2.55407	17.0853	2.57486	17.0205	5.06656	3.96685	0.317665	-3.437	-3.72251	0.0391576	2.17718e-314
2.41591	16.9068	4.94809	4.01626	0.417738	2.55039	16.8884	2.4045	16.833	5.07128	3.98273	0.311998	-3.38059	-3.78014	6.95312e-310	2.21656
2.25376	16.7347	4.93621	4.03032	0.410587	2.25371	16.8334	2.23695	16.6427	5.07596	3.99833	0.306282	-3.32428	-3.83595	0.51672	2.17718e-314
2.08098	16.5385	4.91318	4.04045	0.391639	1.57735	16.0489	2.07221	16.4497	5.08058	4.01365	0.300517	-3.26812	-3.88995	6.95312e-310	4.90234
1.92395	16.3082	4.9593	4.06727	0.398548	1.88972	16.1054	1.91027	16.254	5.08516	4.02867	0.294705	-3.21219	-3.94216	2.22274	2.17718e-314
1.7736	16.1322	4.88735	4.07576	0.379747	1.74362	16.2687	1.75112	16.0557	5.08968	4.04341	0.288846	-3.15656	-3.99261	6.95312e-310	0.952454
1.56732	15.9632	4.93301	4.06551	0.346946	1.44745	16.0853	1.59474	15.8549	5.09414	4.05785	0.282942	-3.10129	-4.04132	1.79102	2.17718e-314
1.43383	15.7322	5.02581	4.10262	0.378311	1.6097	15.5526	1.44111	15.6517	5.09855	4.07199	0.276993	-3.04644	-4.08832	6.95312e-310	2.02245
1.25921	15.5125	5.07899	4.1127	0.367646	1.18395	15.4284	1.29021	15.4463	5.10289	4.08584	0.271	-2.99207	-4.13364	0.722954	2.17718e-314
1.1038	15.3199	5.05023	4.11956	0.351796	0.828993	15.528	1.14201	15.2386	5.10717	4.09939	0.264964	-2.93825	-4.1773	6.95312e-310	1.01112
0.88811	15.0986	5.15157	4.11155	0.32188	0.722706	15.0075	0.996486	15.0288	5.11138	4.11264	0.258887	-2.88503	-4.21933	2.19146	2.17718e-314
0.748105	14.9195	5.0457	4.11541	0.30045	1.03147	15.2134	0.853604	14.8169	5.11551	4.12559	0.252769	-2.83246	-4.25977	6.95312e-310	2.61391
0.650004	14.7071	5.00071	4.14663	0.318907	0.737301	14.7047	0.71333	14.603	5.11958	4.13823	0.246611	-2.78061	-4.29864	0.502774	2.17718e-314
0.532725	14.4657	5.07712	4.17968	0.34496	0.722177	14.2445	0.575628	14.3872	5.12357	4.15056	0.240414	-2.72952	-4.33598	6.95312e-310	1.74555
0.356845	14.2416	5.13714	4.17958	0.324896	0.253435	14.2029	0.440459	14.1696	5.12748	4.16258	0.234179	-2.67925	-4.37181	0.774625	2.17718e-314
0.224196	13.9883	5.27127	4.20876	0.350238	-0.0328023	13.9604	0.307779	13.9502	5.13132	4.17429	0.227907	-2.62984	-4.40617	6.95312e-310	2.67917
0.21713	13.7421	5.16214	4.27393	0.40467	0.459172	13.6856	0.177545	13.7292	5.13507	4.18568	0.221599	-2.58135	-4.43909	4.05321	2.17718e-314
0.107594	13.4985	5.22511	4.29818	0.413835	0.0524412	13.6377	0.0497099	13.5065	5.13873	4.19676	0.215255	-2.53381	-4.47061	6.95312e-310	0.808328
-0.059096	13.2643	5.28081	4.29288	0.383753	-0.190344	13.2856	-0.0757753	13.2823	5.14231	4.20752	0.208879	-2.48728	-4.50075	1.16422	2.17718e-314
-0.175543	13.0476	5.19321	4.29866	0.362041	-0.275043	13.1456	-0.198962	13.0566	5.14579	4.21797	0.202468	-2.44179	-4.52955	6.95312e-310	1.28452
-0.172548	12.8262	5.07355	4.35578	0.408213	0.0462308	12.9301	-0.319903	12.8295	5.14919	4.22809	0.196027	-2.39739	-4.55704	3.70911	2.17718e-314
-0.286108	12.6016	5.00086	4.35862	0.381313	-0.684792	12.3563	-0.438654	12.6011	5.15249	4.23789	0.189554	-2.35412	-4.58326	6.95312e-310	3.2698
-0.404805	12.3663	5.03004	4.36373	0.364942	-0.476482	12.3633	-0.555273	12.3714	5.15569	4.24737	0.183051	-2.31202	-4.60823	0.337946	2.17718e-314
-0.521945	12.1585	4.9758	4.36134	0.337804	-0.972122	12.5207	-0.669818	12.1404	5.1588	4.25652	0.176519	-2.27111	-4.63198	6.95312e-310	3.66187
-0.598215	11.942	4.94624	4.37883	0.339086	-0.582624	12.0386	-0.78235	11.9083	5.1618	4.26535	0.169959	-2.23144	-4.65456	0.505305	2.17718e-314
-0.719183	11.7133	4.94753	4.37582	0.313632	-1.26757	11.6495	-0.892931	11.6751	5.16471	4.27385	0.163373	-2.19304	-4.67598	6.95312e-310	2.78902
-0.917679	11.4662	5.05637	4.34294	0.256548	-1.17212	11.3988	-1.00163	11.4409	5.16751	4.28201	0.156761	-2.15594	-4.69628	4.46052	2.17718e-314
-1.01269	11.2431	4.96148	4.34515	0.235425	-0.891441	10.959	-1.1085	11.2057	5.1702	4.28985	0.150124	-2.12017	-4.71549	6.95312e-310	2.69431
-1.19192	11.0143	5.02969	4.31771	0.190206	-1.39289	11.0424	-1.21362	10.9695	5.17278	4.29736	0.143463	-2.08575	-4.73364	2.65086	2.17718e-314
-1.27461	10.768	5.10177	4.34053	0.213157	-1.29894	10.9012	-1.31706	10.7324	5.17526	4.30453	0.136779	-2.05273	-4.75075	6.95312e-310	1.27442
-1.40772	10.5118	5.16211	4.3359	0.195219	-1.49687	10.4198	-1.41889	10.4945	5.17763	4.31137	0.130074	-2.02111	-4.76686	0.969373	2.17718e-314
-1.50044	10.2478	5.23865	4.35326	0.208985	-1.59293	10.0212	-1.51917	10.2559	5.17988	4.31787	0.123349	-1.99093	-4.78198	6.95312e-310	1.2502
-1.59617	10.0386	5.19197	4.35742	0.202671	-1.61875	10.2374	-1.61797	10.0165	5.18202	4.32404	0.116604	-1.96221	-4.79615	2.10242	2.17718e-314
-1.68237	9.81069	5.13999	4.3643	0.195823	-1.59702	9.96554	-1.71539	9.77637	5.18405	4.32987	0.10984	-1.93498	-4.80939	6.95312e-310	0.581445
-1.75552	9.59231	5.09549	4.37704	0.199747	-1.73381	9.71347	-1.81147	9.53564	5.18596	4.33536	0.10306	-1.90924	-4.82172	0.811695	2.17718e-314
-1.87043	9.33793	5.1828	4.37884	0.195126	-2.27191	9.37316	-1.90631	9.29431	5.18775	4.34052	0.0962627	-1.88502	-4.83316	6.95312e-310	2.54881
-1.95672	9.04247	5.25731	4.39296	0.198915	-1.93833	8.77028	-1.99998	9.05243	5.18942	4.34533	0.0894504	-1.86233	-4.84374	3.917	2.17718e-314
-2.03878	8.8225	5.16582	4.39451	0.183264	-1.96565	9.13274	-2.09256	8.81003	5.19097	4.3498	0.0826241	-1.8412	-4.85347	6.95312e-310	1.96027
-2.13646	8.56985	5.19146	4.39695	0.175385	-2.1768	8.5411	-2.18412	8.56717	5.19241	4.35393	0.0757847	-1.82164	-4.86238	0.150629	2.17718e-314
-2.26764	8.31353	5.24179	4.38436	0.149566	-2.65862	8.19477	-2.27474	8.32388	5.19372	4.35772	0.0689333	-1.80365	-4.87047	6.95312e-310	2.83623
-2.31087	8.08343	5.18125	4.40678	0.167097	-2.21875	8.15339	-2.3645	8.0802	5.19491	4.36117	0.062071	-1.78726	-4.87778	0.815898	2.17718e-314
-2.36828	7.87462	5.09127	4.41774	0.168467	-2.273	8.52315	-2.45348	7.83617	5.19597	4.36427	0.0551989	-1.77248	-4.8843	6.95312e-310	5.48481
-2.48511	7.62141	5.14282	4.40892	0.148532	-2.59674	7.60288	-2.54177	7.59184	5.19691	4.36703	0.0483182	-1.75931	-4.89006	0.794512	2.17718e-314
-2.64486	7.38669	5.12203	4.37134	0.0845302	-3.08256	7.38874	-2.62944	7.34723	5.19773	4.36945	0.0414297	-1.74777	-4.89507	6.95312e-310	5.78742
-2.75119	7.12966	5.1641	4.36829	0.0758791	-2.79865	7.064	-2.71658	7.10238	5.19842	4.37152	0.0345348	-1.73786	-4.89933	0.382327	2.17718e-314
-2.81167	6.89701	5.15302	4.38628	0.0981082	-2.79412	7.20818	-2.80326	6.85734	5.19899	4.37325	0.0276344	-1.72958	-4.90286	6.95312e-310	1.60944
-2.8484	6.69476	5.04757	4.40577	0.115348	-2.74651	6.86867	-2.88957	6.61214	5.19943	4.37463	0.0207296	-1.72295	-4.90566	2.33346	2.17718e-314
-2.90405	6.47896	4.9288	4.40843	0.100082	-2.57673	6.36755	-2.97559	6.36681	5.19975	4.37567	0.0138215	-1.71797	-4.90774	6.95312e-310	3.69755
-2.95957	6.24438	4.91151	4.42057	0.10809	-2.90217	6.22989	-3.0614	6.12139	5.19994	4.37636	0.00691132	-1.71464	-4.90911	0.200751	2.17718e-314
-3.08095	5.99414	4.99339	4.4079	0.0895231	-3.50172	6.10796	-3.14709	5.87592	5.2	4.3767	-1.76894e-16	-1.71297	-4.90976	6.95312e-310	3.79656
-3.16937	5.71587	5.06988	4.40997	0.0858964	-3.1778	5.53101	-3.23274	5.63043	5.19994	4.3767	-0.00691132	-1.71295	-4.9097	1.85725	2.17718e-314
-3.2786	5.46887	5.05848	4.39096	0.0462982	-3.19736	5.19093	-3.31843	5.38496	5.19975	4.37636	-0.0138215	-1.71458	-4.90893	6.95312e-310	2.40737
-3.37904	5.20424	5.11868	4.387	0.0388318	-3.43031	5.10507	-3.40424	5.13955	5.19943	4.37567	-0.0207296	-1.71787	-4.90745	0.710509	2.17718e-314
-3.4476	4.95881	5.12673	4.39814	0.0540713	-3.4281	4.94644	-3.49026	4.89422	5.19899	4.37463	-0.0276344	-1.72281	-4.90525	6.95312e-310	0.178033
-3.5685	4.67391	5.2378	4.388	0.0395443	-3.69435	4.52196	-3.57657	4.64902	5.19842	4.37325	-0.0345348	-1.72939	-4.90233	2.24297	2.17718e-314
-3.6795	4.41966	5.23744	4.36874	0.000911954	-3.50501	4.17643	-3.66325	4.40398	5.19773	4.37152	-0.0414297	-1.73763	-4.89868	6.95312e-310	2.29959
-3.81763	4.14213	5.34357	4.35297	-0.0159863	-4.00238	4.04684	-3.75039	4.15913	5.19691	4.36945	-0.0483182	-1.74749	-4.8943	2.46201	2.17718e-314
-3.89673	3.90297	5.32481	4.36321	0.0051372	-4.06447	4.10977	-3.83806	3.91452	5.19597	4.36703	-0.0551989	-1.75899	-4.88918	6.95312e-310	1.21195
-3.96576	3.67461	5.2622	4.36907	0.0106234	-3.88053	3.75177	-3.92635	3.67019	5.19491	4.36427	-0.062071	-1.77212	-4.8833	0.745301	2.17718e-314
-4.06354	3.47401	5.16881	4.35312	-0.0194592	-4.23729	3.88878	-4.01533	3.42616	5.19372	4.36117	-0.0689333	-1.78686	-4.87666	6.95312e-310	4.25264
-4.15425	3.22991	5.17282	4.3525	-0.019076	-4.15119	3.21968	-4.10509	3.18248	5.19241	4.35772	-0.0757847	-1.8032	-4.86925	0.00617642	2.17718e-314
-4.27252	2.97179	5.22291	4.3371	-0.0443042	-4.27467	2.88187	-4.19571	2.93919	5.19097	4.35393	-0.0826241	-1.82113	-4.86104	6.95312e-310	0.843695
-4.36422	2.69482	5.28302	4.34034	-0.0379932	-4.32451	2.55034	-4.28727	2.69633	5.18942	4.3498	-0.0894504	-1.84065	-4.85202	1.22534	2.17718e-314
-4.45065	2.44602	5.27957	4.34498	-0.0267394	-4.38481	2.39989	-4.37985	2.45393	5.18775	4.34533	-0.0962627	-1.86173	-4.84218	6.95312e-310	0.162776
-4.55703	2.17797	5.33456	4.34308	-0.0261668	-4.61223	2.09192	-4.47352	2.21205	5.18596	4.34052	-0.10306	-1.88436	-4.83149	0.576256	2.17718e-314
-4.6663	1.94643	5.3172	4.32013	-0.0725216	-4.29257	1.92854	-4.56836	1.97072	5.18405	4.33536	-0.10984	-1.90853	-4.81994	6.95312e-310	4.17842
-4.78404	1.66782	5.39971	4.31696	-0.0697364	-4.86829	1.53442	-4.66444	1.72998	5.18202	4.32987	-0.116604	-1.93422	-4.80751	1.36238	2.17718e-314
-4.90833	1.41565	5.43425	4.30117	-0.0924813	-4.98165	1.43611	-4.76186	1.48989	5.17988	4.32404	-0.123349	-1.9614	-4.79417	6.95312e-310	0.517477
-4.96462	1.18917	5.33649	4.30763	-0.0846662	-4.66779	1.28643	-4.86066	1.25049	5.17763	4.31787	-0.130074	-1.99007	-4.7799	5.12906	2.17718e-314
-5.05811	0.978467	5.25108	4.30342	-0.0831666	-4.98594	1.10894	-4.96095	1.01182	5.17526	4.31137	-0.136779	-2.02019	-4.76468	6.95312e-310	1.18116
-5.11673	0.752451	5.17785	4.30923	-0.0758312	-4.85498	0.825661	-5.06277	0.77393	5.17278	4.30453	-0.143463	-2.05174	-4.74848	3.86787	2.17718e-314
-5.21372	0.449485	5.31535	4.31517	-0.0676964	-4.84736	0.18101	-5.16621	0.536876	5.1702	4.29736	-0.150124	-2.08471	-4.73127	6.95312e-310	5.23104
-5.28762	0.212543	5.27355	4.31826	-0.06258	-5.1231	0.257311	-5.27133	0.300706	5.16751	4.28985	-0.156761	-2.11906	-4.71303	1.5212	2.17718e-314
-5.39697	-0.0186032	5.22982	4.31873	-0.0466676	-5.99809	-0.290765	-5.3782	0.0654719	5.16471	4.28201	-0.163373	-2.15477	-4.69374	6.95312e-310	5.86673
-5.46732	-0.253111	5.19184	4.32335	-0.0407705	-5.29972	-0.212982	-5.4869	-0.168772	5.1618	4.27385	-0.169959	-2.1918	-4.67335	1.5559	2.17718e-314
-5.58628	-0.429147	5.09823	4.29784	-0.0760225	-5.64447	-0.144522	-5.59748	-0.401971	5.1588	4.26535	-0.176519	-2.23014	-4.65185	6.95312e-310	3.71543
-5.7208	-0.609215	5.02295	4.27276	-0.102843	-5.85359	-0.445801	-5.71001	-0.634069	5.15569	4.25652	-0.183051	-2.26974	-4.62919	2.54145	2.17718e-314
-5.83594	-0.843374	5.10602	4.25426	-0.135522	-5.30947	-0.724468	-5.82456	-0.865006	5.15249	4.24737	-0.189554	-2.31058	-4.60536	6.95312e-310	5.64873
-5.93257	-1.11733	5.17649	4.26357	-0.114271	-5.87835	-1.26863	-5.94118	-1.09472	5.14919	4.23789	-0.196027	-2.35262	-4.58032	1.49444	2.17718e-314
-6.0222	-1.38976	5.23514	4.27402	-0.0943876	-5.68069	-1.52871	-6.05993	-1.32316	5.14579	4.22809	-0.202468	-2.39581	-4.55404	6.95312e-310	2.77045
-6.16043	-1.59617	5.20013	4.25359	-0.113919	-6.27263	-1.50938	-6.18087	-1.55025	5.14231	4.21797	-0.208879	-2.44014	-4.52648	1.14436	2.17718e-314
-6.30311	-1.8425	5.3349	4.22923	-0.153288	-6.11355	-1.75966	-6.30406	-1.77593	5.13873	4.20752	-0.215255	-2.48555	-4.49762	6.95312e-310	3.94215
-6.41065	-2.09441	5.35152	4.23105	-0.141557	-6.34007	-2.13685	-6.42954	-2.00014	5.13507	4.19676	-0.221599	-2.532	-4.46742	0.385749	2.17718e-314
-6.56071	-2.2962	5.29344	4.20885	-0.158183	-6.99344	-2.17445	-6.55738	-2.22281	5.13132	4.18568	-0.227907	-2.57946	-4.43585	6.95312e-310	3.29036
-6.71062	-2.50449	5.26935	4.18814	-0.174183	-6.79288	-2.4458	-6.68761	-2.44386	5.12748	4.17429	-0.234179	-2.62788	-4.40288	0.592199	2.17718e-314
-6.86561	-2.71901	5.27522	4.16768	-0.190127	-7.14408	-2.67584	-6.82029	-2.66323	5.12357	4.16258	-0.240414	-2.6772	-4.36847	6.95312e-310	1.19443
-6.95959	-2.98972	5.31978	4.18441	-0.157375	-6.8003	-3.10086	-6.95546	-2.88084	5.11958	4.15056	-0.246611	-2.7274	-4.3326	2.21158	2.17718e-314
-7.08802	-3.2122	5.2739	4.17971	-0.149859	-7.13937	-3.22028	-7.09316	-3.09663	5.11551	4.13823	-0.252769	-2.7784	-4.29523	6.95312e-310	0.312722
-7.21285	-3.40255	5.21007	4.16502	-0.160665	-7.12118	-3.26434	-7.23344	-3.3105	5.11137	4.12559	-0.258887	-2.83017	-4.25632	1.48409	2.17718e-314
-7.35908	-3.65363	5.25898	4.16252	-0.151837	-7.77186	-4.08999	-7.37632	-3.5224	5.10717	4.11264	-0.264964	-2.88265	-4.21586	6.95312e-310	4.38324
-7.51716	-3.78471	5.13148	4.12224	-0.194879	-7.49009	-3.49081	-7.52184	-3.73223	5.10289	4.09939	-0.271	-2.93579	-4.1738	5.05482	2.17718e-314
-7.66169	-3.99478	5.15144	4.10986	-0.200432	-7.52393	-3.88213	-7.67004	-3.93992	5.09855	4.08584	-0.276993	-2.98953	-4.13012	6.95312e-310	0.494165
-7.8168	-4.22418	5.18424	4.10246	-0.196333	-7.88049	-4.29783	-7.82094	-4.14538	5.09414	4.07199	-0.282942	-3.04381	-4.08479	0.504071	2.17718e-314
-7.96788	-4.44316	5.19049	4.09463	-0.193052	-8.08524	-4.57834	-7.97457	-4.34854	5.08968	4.05785	-0.288846	-3.09857	-4.03778	6.95312e-310	0.384104
-8.13049	-4.68275	5.24058	4.08985	-0.185866	-8.22492	-4.79812	-8.13095	-4.5493	5.08516	4.04341	-0.294705	-3.15376	-3.98906	1.18468	2.17718e-314
-8.27044	-4.88056	5.11932	4.08634	-0.171901	-8.453	-4.95621	-8.2901	-4.74759	5.08058	4.02867	-0.300517	-3.2093	-3.93862	6.95312e-310	2.3781
-8.40289	-5.09749	5.11947	4.08662	-0.161255	-8.33552	-5.1059	-8.45204	-4.94331	5.07596	4.01365	-0.306282	-3.26514	-3.88641	0.263019	2.17718e-314
-8.55012	-5.25789	4.99172	4.06925	-0.169112	-8.55062	-4.79248	-8.61678	-5.13637	5.07128	3.99833	-0.311998	-3.32121	-3.83242	6.95312e-310	3.56257
-8.73912	-5.45733	5.0235	4.04849	-0.183114	-8.91477	-5.51752	-8.78433	-5.32669	5.06656	3.98273	-0.317665	-3.37745	-3.77663	1.83635	2.17718e-314
-8.89941	-5.65256	5.01506	4.03771	-0.184346	-9.04115	-5.69364	-8.95469	-5.51417	5.0618	3.96685	-0.323282	-3.43377	-3.71901	6.95312e-310	0.268528
-9.05522	-5.83778	5.00106	4.02598	-0.18762	-9.03391	-5.80267	-9.12788	-5.69872	5.057	3.95068	-0.328848	-3.49012	-3.65955	0.091482	2.17718e-314
-9.19493	-5.98783	4.87525	4.01202	-0.191266	-8.86897	-5.41973	-9.30388	-5.88026	5.05217	3.93424	-0.334362	-3.54643	-3.59823	6.95312e-310	5.60575
-9.36891	-6.08788	4.77959	3.97046	-0.231032	-9.30811	-5.82368	-9.4827	-6.05868	5.0473	3.91752	-0.339823	-3.60261	-3.53503	4.22554	2.17718e-314
-9.54599	-6.27065	4.81697	3.9561	-0.234601	-9.80646	-6.41174	-9.66432	-6.23389	5.0424	3.90053	-0.34523	-3.6586	-3.46994	6.95312e-310	1.06911
-9.68587	-6.48022	4.83688	3.96426	-0.210718	-9.62547	-6.55958	-9.84874	-6.4058	5.03748	3.88327	-0.350583	-3.71431	-3.40295	0.637416	2.17718e-314
-9.90832	-6.64441	4.94423	3.92914	-0.242299	-10.6688	-6.35543	-10.0359	-6.57431	5.03253	3.86574	-0.355881	-3.76969	-3.33404	6.95312e-310	7.26072
-10.1115	-6.81173	4.96286	3.9059	-0.255101	-10.2246	-6.83402	-10.2259	-6.73933	5.02756	3.84795	-0.361122	-3.82463	-3.26321	0.724876	2.17718e-314
-10.2969	-6.97428	4.99143	3.88808	-0.262242	-10.2205	-6.71044	-10.4186	-6.90075	5.02257	3.82989	-0.366307	-3.87907	-3.19046	6.95312e-310	0.952942
-10.5278	-7.15925	5.0574	3.86598	-0.271728	-10.7616	-7.29159	-10.614	-7.05849	5.01757	3.81158	-0.371433	-3.93293	-3.11577	3.79483	2.17718e-314
-10.7331	-7.30183	5.06075	3.83939	-0.287645	-10.8944	-6.83335	-10.8121	-7.21245	5.01256	3.793	-0.376501	-3.98613	-3.03916	6.95312e-310	1.83219
-10.981	-7.46726	5.12124	3.81029	-0.303959	-11.2219	-7.56979	-11.0128	-7.36252	5.00754	3.77418	-0.381509	-4.03859	-2.96062	3.63632	2.17718e-314
-11.1684	-7.60596	5.0483	3.79312	-0.306232	-10.986	-7.3707	-11.2161	-7.50862	5.00251	3.7551	-0.386458	-4.09021	-2.88015	6.95312e-310	1.31379
-11.3181	-7.75896	4.99286	3.79369	-0.288483	-11.0934	-7.6776	-11.422	-7.65064	4.99749	3.73578	-0.391345	-4.14093	-2.79777	3.04884	2.17718e-314
-11.5124	-7.88537	4.94839	3.77229	-0.296907	-11.4213	-7.46085	-11.6304	-7.78849	4.99246	3.71621	-0.39617	-4.19066	-2.71349	6.95312e-310	1.75223
-11.6911	-7.98886	4.88399	3.74897	-0.307737	-11.5269	-7.8215	-11.8413	-7.92208	4.98744	3.6964	-0.400933	-4.23932	-2.6273	2.90635	2.17718e-314
-11.8816	-8.10135	4.77294	3.72704	-0.315499	-11.9422	-7.88317	-12.0546	-8.05131	4.98243	3.67636	-0.405632	-4.28682	-2.53924	6.95312e-310	1.48562
-12.095	-8.19188	4.75322	3.69277	-0.337258	-12.09	-8.08828	-12.2702	-8.17609	4.97743	3.65608	-0.410268	-4.33309	-2.44932	0.65728	2.17718e-314
-12.3244	-8.32267	4.89896	3.67331	-0.339274	-12.4462	-8.02117	-12.4881	-8.29633	4.97244	3.63556	-0.414838	-4.37802	-2.35756	6.95312e-310	2.90156
-12.5279	-8.40383	4.85408	3.64295	-0.355394	-12.4231	-8.2599	-12.7082	-8.41193	4.96747	3.61482	-0.419343	-4.42156	-2.26399	1.71004	2.17718e-314
-12.73	-8.49124	4.74983	3.61622	-0.367165	-12.7461	-8.19449	-12.9304	-8.5228	4.96252	3.59385	-0.423782	-4.4636	-2.16863	6.95312e-310	1.57666
-13.0103	-8.58209	4.82597	3.57434	-0.393395	-13.2911	-8.64594	-13.1547	-8.62886	4.9576	3.57266	-0.428154	-4.50407	-2.07151	4.49535	2.17718e-314
-13.2614	-8.68415	4.91963	3.54979	-0.397271	-13.7929	-8.47158	-13.381	-8.73002	4.9527	3.55126	-0.432459	-4.54289	-1.97267	6.95312e-310	2.83538
-13.4832	-8.73138	4.88085	3.51177	-0.418752	-13.384	-8.57583	-13.6092	-8.82619	4.94783	3.52963	-0.436695	-4.57997	-1.87214	1.86429	2.17718e-314
-13.6931	-8.77581	4.74254	3.4745	-0.441384	-13.6376	-8.26344	-13.8392	-8.91729	4.943	3.5078	-0.440862	-4.61524	-1.76997	6.95312e-310	3.64567
-13.922	-8.88406	4.76805	3.46523	-0.426313	-13.9959	-8.99264	-14.0709	-9.00324	4.9382	3.48576	-0.444959	-4.64861	-1.6662	0.942013	2.17718e-314
-14.1789	-8.97438	4.92068	3.44934	-0.415343	-14.4737	-8.79552	-14.3043	-9.08395	4.93344	3.46351	-0.448987	-4.68001	-1.56086	6.95312e-310	2.91394
-14.405	-9.08523	4.92743	3.4467	-0.394445	-14.4273	-9.1875	-14.5391	-9.15936	4.92872	3.44106	-0.452943	-4.70936	-1.45402	0.655321	2.17718e-314
-14.6329	-9.15651	4.88745	3.42693	-0.395887	-14.5757	-9.32634	-14.7754	-9.22939	4.92404	3.41841	-0.456828	-4.73658	-1.34573	6.95312e-310	0.319144
-14.9215	-9.15543	4.93743	3.36844	-0.439755	-15.062	-9.04396	-15.013	-9.29397	4.91942	3.39557	-0.46064	-4.76161	-1.23603	2.09936	2.17718e-314
-15.1821	-9.2276	4.97732	3.35141	-0.433549	-15.6189	-9.69365	-15.2517	-9.35302	4.91484	3.37254	-0.46438	-4.78436	-1.125	6.95312e-310	4.49609
-15.4504	-9.34175	5.03647	3.35341	-0.405959	-15.6682	-9.56749	-15.4916	-9.40649	4.91032	3.34932	-0.468047	-4.80476	-1.01269	5.26606	2.17718e-314
-15.6896	-9.37328	4.93699	3.32107	-0.425064	-15.9382	-9.35751	-15.7324	-9.45431	4.90586	3.32592	-0.47164	-4.82275	-0.899159	6.95312e-310	2.11864
-15.9482	-9.45642	4.97178	3.31542	-0.407005	-16.0862	-9.59819	-15.9741	-9.49642	4.90145	3.30234	-0.475158	-4.83827	-0.784484	2.09944	2.17718e-314
-16.197	-9.46849	4.92806	3.27942	-0.427895	-16.6033	-8.85459	-16.2164	-9.53277	4.89711	3.27858	-0.478601	-4.85124	-0.668734	6.95312e-310	2.23497
-16.4478	-9.46247	4.93121	3.24111	-0.447121	-16.4229	-9.37029	-16.4594	-9.5633	4.89283	3.25465	-0.481969	-4.8616	-0.55198	0.549684	2.17718e-314
-16.6607	-9.46691	4.84567	3.21285	-0.456927	-16.011	-9.33486	-16.7027	-9.58797	4.88862	3.23055	-0.48526	-4.8693	-0.434301	6.95312e-310	5.05174
-16.9469	-9.44973	4.91241	3.17108	-0.477936	-17.1132	-9.43043	-16.9464	-9.60673	4.88449	3.20629	-0.488475	-4.87427	-0.315773	1.60364	2.17718e-314
-17.2011	-9.50689	4.97143	3.17326	-0.443981	-16.9255	-10.8571	-17.1903	-9.61954	4.88042	3.18186	-0.491613	-4.87646	-0.196479	6.95312e-310	7.85761
-17.4627	-9.52353	4.99304	3.15482	-0.439625	-17.5448	-9.57485	-17.4342	-9.62636	4.87643	3.15728	-0.494673	-4.87583	-0.0765024	0.492322	2.17718e-314
-17.7192	-9.51462	4.96991	3.12492	-0.452119	-18.1371	-9.39146	-17.6781	-9.62717	4.87252	3.13255	-0.497655	-4.87232	0.0440703	6.95312e-310	1.6789
-17.9745	-9.48152	4.98322	3.09045	-0.465423	-17.9724	-9.42299	-17.9216	-9.62194	4.86868	3.10767	-0.500558	-4.86588	0.165151	0.219384	2.17718e-314
-18.2156	-9.44775	4.93467	3.05578	-0.482966	-18.3083	-9.18778	-18.1648	-9.61064	4.86493	3.08264	-0.503383	-4.85648	0.286648	6.95312e-310	0.669436
-18.4131	-9.49343	4.84678	3.06479	-0.446083	-18.2763	-9.60997	-18.4074	-9.59325	4.86127	3.05747	-0.506127	-4.84408	0.40847	2.08775	2.17718e-314
-18.6494	-9.48141	4.87647	3.05084	-0.432087	-18.2443	-9.58547	-18.6493	-9.56977	4.85769	3.03216	-0.508793	-4.82864	0.530522	6.95312e-310	1.74364
-18.8991	-9.47014	4.88549	3.03481	-0.425817	-18.9545	-9.51544	-18.8904	-9.54017	4.85421	3.00672	-0.511377	-4.81012	0.652707	0.273357	2.17718e-314
-19.129	-9.43284	4.89495	3.01317	-0.422818	-18.6983	-9.02886	-19.1305	-9.50447	4.85081	2.98115	-0.513881	-4.78851	0.774927	6.95312e-310	3.93206
-19.378	-9.31166	4.93127	2.95407	-0.465255	-19.2983	-9.09865	-19.3694	-9.46265	4.84751	2.95546	-0.516304	-4.76378	0.897083	3.09897	2.17718e-314
-19.6092	-9.23946	4.88251	2.91566	-0.488375	-19.7037	-8.79906	-19.6069	-9.41472	4.84431	2.92964	-0.518645	-4.73591	1.01907	6.95312e-310	1.15177
-19.865	-9.11309	4.93945	2.86153	-0.521359	-19.8731	-8.96417	-19.8431	-9.36071	4.8412	2.90371	-0.520904	-4.70487	1.1408	1.44976	2.17718e-314
-20.1033	-9.01134	4.95971	2.82286	-0.534857	-20.3815	-7.6755	-20.0775	-9.30061	4.8382	2.87767	-0.523081	-4.67066	1.26215	6.95312e-310	4.98988
-20.2656	-9.14637	4.73486	2.88644	-0.435739	-20.1607	-9.59663	-20.3102	-9.23446	4.83529	2.85151	-0.525176	-4.63328	1.38303	14.1557	2.17718e-314
-20.5046	-9.10542	4.76401	2.87701	-0.418483	-20.4587	-9.7448	-20.5409	-9.16227	4.83249	2.82525	-0.527187	-4.59271	1.50334	6.95312e-310	1.6037
-20.7279	-9.00635	4.77411	2.8414	-0.434708	-20.6596	-8.91527	-20.7696	-9.08409	4.8298	2.79889	-0.529115	-4.54895	1.62296	0.731973	2.17718e-314
-20.9706	-8.92644	4.79206	2.81584	-0.440834	-21.5568	-8.5005	-20.9959	-8.99994	4.82722	2.77244	-0.53096	-4.50202	1.74179	6.95312e-310	2.52007
-21.1653	-8.85841	4.73634	2.79712	-0.437154	-21.0195	-8.85081	-21.2198	-8.90987	4.82474	2.74589	-0.532721	-4.45191	1.85972	1.1438	2.17718e-314
-21.3982	-8.77304	4.73842	2.77202	-0.44396	-21.8628	-8.64129	-21.4412	-8.81393	4.82237	2.71925	-0.534397	-4.39865	1.97666	6.95312e-310	1.96029
-21.5876	-8.74916	4.6479	2.77488	-0.416344	-21.5029	-8.87191	-21.6597	-8.71217	4.82012	2.69253	-0.53599	-4.34224	2.0925	1.45311	2.17718e-314
-21.7748	-8.61805	4.55597	2.72102	-0.467287	-21.9514	-7.41274	-21.8754	-8.60465	4.81798	2.66574	-0.537498	-4.2827	2.20712	6.95312e-310	6.34061
-21.9784	-8.53759	4.54045	2.70373	-0.460616	-21.9793	-8.57089	-22.0881	-8.49143	4.81595	2.63886	-0.53892	-4.22007	2.32043	0.0714727	2.17718e-314
-22.188	-8.43232	4.58616	2.6839	-0.450446	-22.1914	-7.70392	-22.2975	-8.37258	4.81404	2.61191	-0.540258	-4.15437	2.43232	6.95312e-310	2.0802
-22.4236	-8.32649	4.63522	2.66347	-0.448247	-22.5838	-8.35296	-22.5035	-8.24817	4.81225	2.5849	-0.54151	-4.08564	2.5427	1.39253	2.17718e-314
-22.6125	-8.21631	4.59378	2.63539	-0.458716	-22.3177	-8.57758	-22.7061	-8.11829	4.81058	2.55783	-0.542677	-4.01391	2.65145	6.95312e-310	0.831763
-22.8617	-7.96117	4.79257	2.56029	-0.515403	-22.9861	-7.6724	-22.9049	-7.98301	4.80903	2.53069	-0.543759	-3.93923	2.75848	6.48475	2.17718e-314
-23.0507	-7.8158	4.73461	2.51587	-0.551532	-23.2693	-8.32031	-23.1	-7.84243	4.80759	2.5035	-0.544754	-3.86163	2.8637	6.95312e-310	3.66862
-23.2847	-7.6304	4.84236	2.47698	-0.563468	-23.4777	-7.56583	-23.2911	-7.69663	4.80628	2.47627	-0.545663	-3.78118	2.967	2.34838	2.17718e-314
-23.4856	-7.48712	4.88802	2.46406	-0.534656	-23.473	-7.02103	-23.4781	-7.54572	4.80509	2.44898	-0.546486	-3.69792	3.06828	6.95312e-310	1.61432
-23.6504	-7.34585	4.83974	2.43906	-0.533004	-23.5408	-7.36069	-23.6609	-7.3898	4.80403	2.42166	-0.547223	-3.61191	3.16746	0.666598	2.17718e-314
-23.8425	-7.18287	4.87008	2.41576	-0.525271	-24.0505	-6.56968	-23.8393	-7.22897	4.80309	2.3943	-0.547873	-3.52321	3.26445	6.95312e-310	0.882073
-23.9992	-7.0974	4.74567	2.41336	-0.500597	-23.9384	-7.26171	-24.0132	-7.06336	4.80227	2.3669	-0.548437	-3.43189	3.35916	2.00015	2.17718e-314
-24.1672	-6.91596	4.7474	2.37551	-0.519369	-24.3577	-5.94086	-24.1825	-6.89307	4.80158	2.33948	-0.548915	-3.33801	3.45149	6.95312e-310	2.01287
-24.3342	-6.65431	4.86427	2.31669	-0.553654	-24.2574	-6.4352	-24.347	-6.71823	4.80101	2.31204	-0.549305	-3.24166	3.54138	3.32549	2.17718e-314
-24.5011	-6.47819	4.84364	2.28464	-0.567431	-24.788	-7.18367	-24.5066	-6.53896	4.80057	2.28457	-0.549609	-3.14289	3.62873	6.95312e-310	3.52425
-24.5944	-6.34946	4.691	2.26123	-0.562808	-24.3008	-6.43799	-24.6612	-6.35538	4.80025	2.25709	-0.549826	-3.0418	3.71347	5.21674	2.17718e-314
-24.7345	-6.16269	4.68835	2.2303	-0.565907	-24.6108	-6.00878	-24.8107	-6.16764	4.80006	2.2296	-0.549957	-2.93846	3.79553	6.95312e-310	0.312042
-24.9206	-5.94989	4.77753	2.20469	-0.562737	-25.146	-5.91902	-24.955	-5.97587	4.8	2.2021	-0.55	-2.83295	3.87484	2.78869	2.17718e-314
-25.0516	-5.74453	4.78929	2.17321	-0.563824	-24.8975	-5.02285	-25.094	-5.7802	4.80006	2.1746	-0.549957	-2.72537	3.95132	6.95312e-310	1.86177
-25.1832	-5.57547	4.74353	2.15335	-0.555364	-25.1941	-5.64372	-25.2276	-5.58079	4.80025	2.1471	-0.549826	-2.61581	4.02492	0.303072	2.17718e-314
-25.3364	-5.38836	4.77222	2.14481	-0.522903	-25.5328	-5.4399	-25.3556	-5.37777	4.80057	2.11961	-0.549609	-2.50435	4.09557	6.95312e-310	1.30888
-25.4826	-5.15775	4.83644	2.11608	-0.525337	-25.5713	-5.10241	-25.4779	-5.1713	4.80101	2.09213	-0.549305	-2.39109	4.16322	0.632717	2.17718e-314
-25.6131	-4.98159	4.81733	2.11152	-0.487472	-25.0178	-6.55904	-25.5946	-4.96152	4.80158	2.06467	-0.548915	-2.27613	4.22781	6.95312e-310	6.3971
-25.7251	-4.81357	4.74521	2.09467	-0.479878	-25.6952	-4.89995	-25.7055	-4.7486	4.80227	2.03722	-0.548437	-2.15956	4.2893	0.536967	2.17718e-314
-25.8465	-4.60679	4.75856	2.07596	-0.469107	-25.8162	-4.40681	-25.8105	-4.53268	4.80309	2.0098	-0.547873	-2.04149	4.34764	6.95312e-310	0.244281
-25.9605	-4.35703	4.82514	2.04333	-0.478533	-25.9516	-4.26659	-25.9096	-4.31392	4.80403	1.98241	-0.547223	-1.92202	4.40279	0.52841	2.17718e-314
-26.0703	-4.13609	4.80425	2.00202	-0.520549	-26.8953	-4.43966	-26.0027	-4.0925	4.80509	1.95504	-0.546486	-1.80125	4.45471	6.95312e-310	11.0452
-26.1643	-3.84342	4.92295	1.95876	-0.538246	-26.1198	-3.67723	-26.0897	-3.86856	4.80628	1.92772	-0.545663	-1.67928	4.50337	1.86322	2.17718e-314
-26.2387	-3.60492	4.90627	1.90955	-0.583536	-26.5652	-3.85723	-26.1706	-3.64227	4.8076	1.90044	-0.544754	-1.55623	4.54875	6.95312e-310	3.5719
-26.268	-3.33854	4.92748	1.85896	-0.605378	-25.9974	-3.24722	-26.2453	-3.41381	4.80903	1.8732	-0.543759	-1.4322	4.59081	4.34975	2.17718e-314
-26.3178	-3.09213	4.92633	1.81396	-0.631868	-26.2976	-3.01078	-26.3138	-3.18332	4.81058	1.84601	-0.542677	-1.30729	4.62954	6.95312e-310	0.564126
-26.3415	-2.86275	4.88711	1.77422	-0.640447	-26.1741	-2.87885	-26.376	-2.95098	4.81225	1.81888	-0.54151	-1.18162	4.66493	1.49995	2.17718e-314
-26.3987	-2.63693	4.86971	1.75103	-0.627407	-26.4681	-3.44967	-26.4319	-2.71697	4.81404	1.7918	-0.540258	-1.05529	4.69696	6.95312e-310	1.40493
-26.4723	-2.49844	4.70489	1.74458	-0.603951	-26.674	-2.73852	-26.4815	-2.48143	4.81595	1.76479	-0.53892	-0.928411	4.72562	5.7576	2.17718e-314
-26.527	-2.26418	4.72007	1.72656	-0.581726	-26.657	-1.72382	-26.5247	-2.24456	4.81798	1.73784	-0.537498	-0.80109	4.75091	6.95312e-310	0.987669
-26.5761	-2.07313	4.64962	1.70764	-0.572156	-26.6691	-2.17333	-26.5616	-2.0065	4.82012	1.71097	-0.53599	-0.673434	4.77284	1.08614	2.17718e-314
-26.6067	-1.83877	4.65928	1.68707	-0.552679	-26.3248	-1.32261	-26.5921	-1.76744	4.82237	1.68417	-0.534397	-0.545553	4.79141	6.95312e-310	2.0205
-26.6053	-1.58538	4.6897	1.64881	-0.56322	-26.4671	-1.53207	-26.6161	-1.52753	4.82474	1.65745	-0.532721	-0.417552	4.80664	1.18089	2.17718e-314
-26.6026	-1.3588	4.67036	1.60767	-0.587527	-26.4998	-2.19526	-26.6338	-1.28695	4.82721	1.63081	-0.53096	-0.289538	4.81852	6.95312e-310	1.65512
-26.6064	-1.13078	4.66	1.57821	-0.587716	-26.5998	-1.14277	-26.6451	-1.04586	4.8298	1.60426	-0.529115	-0.161616	4.8271	0.0115853	2.17718e-314
-26.6352	-0.909623	4.64471	1.56251	-0.57067	-27.2008	-1.67679	-26.65	-0.804425	4.83249	1.57781	-0.527187	-0.0338883	4.83238	6.95312e-310	5.11339
-26.6467	-0.652258	4.69618	1.53873	-0.565314	-26.7355	-0.59539	-26.6485	-0.562811	4.83529	1.55145	-0.525176	0.0935412	4.83439	0.623689	2.17718e-314
-26.6345	-0.409769	4.71617	1.50145	-0.586364	-26.9891	0.0351487	-26.6406	-0.321181	4.8382	1.52519	-0.523081	0.220572	4.83317	6.95312e-310	2.28571
-26.5899	-0.103425	4.84849	1.46157	-0.59569	-26.4553	0.0602653	-26.6264	-0.0796947	4.8412	1.49904	-0.520904	0.347104	4.82874	2.6638	2.17718e-314
-26.5703	0.137807	4.85394	1.43244	-0.599561	-26.9537	0.136943	-26.6059	0.161489	4.84431	1.47299	-0.518645	0.473041	4.82116	6.95312e-310	2.75749
-26.5466	0.438265	4.96934	1.40735	-0.59326	-26.6201	0.57588	-26.5792	0.402213	4.84751	1.44706	-0.516304	0.598287	4.81045	1.49724	2.17718e-314
-26.534	0.677477	4.94863	1.39754	-0.560284	-26.8241	0.381506	-26.5462	0.642323	4.85081	1.42124	-0.513881	0.722748	4.79667	6.95312e-310	1.81344
-26.5256	0.962614	5.02613	1.38379	-0.545083	-26.7293	1.06082	-26.5069	0.881666	4.85421	1.39555	-0.511377	0.846334	4.77986	2.79657	2.17718e-314
-26.4874	1.22688	5.04324	1.37572	-0.503506	-25.9562	2.60409	-26.4616	1.12009	4.85769	1.36998	-0.508793	0.968955	4.76007	6.95312e-310	7.11677
-26.4299	1.45799	5.01475	1.34796	-0.506389	-26.3986	1.42212	-26.4101	1.35745	4.86127	1.34454	-0.506127	1.09053	4.73737	0.13313	2.17718e-314
-26.3914	1.67343	4.94917	1.335	-0.483885	-26.5072	-0.563928	-26.3526	1.59361	4.86493	1.31923	-0.503383	1.21096	4.71181	6.95312e-310	8.5807
-26.3363	1.8763	4.87884	1.31049	-0.4849	-26.3594	1.79315	-26.2891	1.82841	4.86868	1.29407	-0.500558	1.33018	4.68345	0.473133	2.17718e-314
-26.2687	2.10719	4.87514	1.2831	-0.491532	-26.3475	1.82827	-26.2197	2.06173	4.87252	1.26904	-0.497655	1.44811	4.65235	6.95312e-310	0.214366
-26.2069	2.29202	4.78301	1.25833	-0.492603	-26.2502	2.18481	-26.1444	2.29342	4.87643	1.24416	-0.494673	1.56467	4.61859	0.841922	2.17718e-314
-26.1445	2.51625	4.75991	1.24635	-0.467234	-26.069	2.27896	-26.0633	2.52336	4.88042	1.21942	-0.491613	1.67979	4.58223	6.95312e-310	0.868876
-26.0649	2.76102	4.79767	1.22447	-0.465371	-26.0641	2.80701	-25.9765	2.75141	4.88449	1.19484	-0.488475	1.79339	4.54334	0.135354	2.17718e-314
-25.9709	2.98444	4.82089	1.18574	-0.499364	-26.3234	3.02388	-25.8841	2.97746	4.88862	1.17042	-0.48526	1.90543	4.502	6.95312e-310	2.78318
-25.8674	3.27225	4.94539	1.1646	-0.494193	-25.8345	3.42005	-25.7861	3.20139	4.89283	1.14615	-0.481969	2.01582	4.45828	1.46559	2.17718e-314
-25.7844	3.50321	4.94778	1.14586	-0.488789	-26.1824	3.73376	-25.6826	3.42306	4.89711	1.12206	-0.478601	2.12452	4.41227	6.95312e-310	2.14797
-25.6794	3.69944	4.89772	1.11771	-0.493117	-25.6666	3.63509	-25.5737	3.64239	4.90145	1.09813	-0.475158	2.23146	4.36404	0.271066	2.17718e-314
-25.5632	3.90626	4.88368	1.08749	-0.501755	-25.5773	3.13316	-25.4596	3.85924	4.90586	1.07437	-0.47164	2.3366	4.31367	6.95312e-310	1.13148
-25.4979	4.07794	4.77845	1.07235	-0.493109	-25.7492	3.99968	-25.3402	4.07353	4.91032	1.05079	-0.468047	2.43989	4.26125	3.79636	2.17718e-314
-25.3754	4.27789	4.76988	1.04338	-0.499341	-25.3516	3.75691	-25.2157	4.28514	4.91484	1.02738	-0.46438	2.54127	4.20686	6.95312e-310	0.590371
-25.2148	4.5015	4.82756	1.00957	-0.507486	-25.0214	4.52803	-25.0863	4.49399	4.91942	1.00417	-0.46064	2.64071	4.15058	2.04395	2.17718e-314
-25.0648	4.6959	4.8042	0.984293	-0.495816	-24.2719	4.30917	-24.9518	4.69998	4.92404	0.981133	-0.456828	2.73817	4.09251	6.95312e-310	8.92964
-24.9469	4.88878	4.78252	0.963839	-0.491759	-25.0363	4.88499	-24.8126	4.90303	4.92872	0.958291	-0.452943	2.83361	4.03273	0.425654	2.17718e-314
-24.7913	5.07889	4.78484	0.933983	-0.49575	-24.3609	4.95947	-24.6686	5.10304	4.93344	0.935644	-0.448987	2.92701	3.97132	6.95312e-310	2.30227
-24.6215	5.29856	4.85337	0.907645	-0.496161	-24.5041	5.35293	-24.5201	5.29995	4.9382	0.913195	-0.444959	3.01833	3.90839	0.946226	2.17718e-314
-24.4495	5.47899	4.88336	0.866537	-0.525416	-24.4379	5.24592	-24.367	5.49367	4.943	0.890947	-0.440862	3.10754	3.84401	6.95312e-310	0.92692
-24.2626	5.65244	4.88909	0.830182	-0.535591	-24.1159	5.61152	-24.2095	5.68414	4.94783	0.868904	-0.436695	3.19464	3.77827	1.2236	2.17718e-314
-24.0973	5.81375	4.8804	0.794843	-0.552674	-24.5638	4.75836	-24.0477	5.8713	4.9527	0.847069	-0.432459	3.27959	3.71127	6.95312e-310	3.22511
-23.924	5.97316	4.86114	0.764091	-0.556259	-23.9153	5.94377	-23.8818	6.05508	4.9576	0.825446	-0.428154	3.36239	3.64309	0.057999	2.17718e-314
-23.7814	6.15292	4.76861	0.76712	-0.497351	-23.5491	6.44495	-23.7117	6.23542	4.96252	0.804038	-0.423782	3.44302	3.57383	6.95312e-310	4.62242
-23.6151	6.30732	4.74792	0.741737	-0.498342	-23.6471	6.29102	-23.5377	6.41227	4.96747	0.782849	-0.419343	3.52148	3.50357	0.0739304	2.17718e-314
-23.4676	6.47527	4.69894	0.73448	-0.469215	-23.7544	6.53746	-23.3598	6.58559	4.97244	0.761882	-0.414838	3.59775	3.4324	6.95312e-310	1.78819
-23.2373	6.71055	4.8726	0.720289	-0.455922	-23.0099	6.86182	-23.1781	6.75533	4.97743	0.74114	-0.410268	3.67185	3.36041	4.40275	2.17718e-314
-23.0435	6.84951	4.83677	0.693514	-0.454282	-22.7862	5.74143	-22.9928	6.92146	4.98243	0.720627	-0.405632	3.74376	3.28768	6.95312e-310	5.55004
-22.8278	7.02637	4.90261	0.671325	-0.45242	-22.6991	7.063	-22.804	7.08393	4.98744	0.700345	-0.400933	3.8135	3.21431	0.996967	2.17718e-314
-22.6159	7.1627	4.91946	0.63679	-0.469671	-22.418	6.76159	-22.6117	7.24273	4.99246	0.680299	-0.39617	3.88106	3.14038	6.95312e-310	1.48618
-22.4317	7.30558	4.90057	0.616336	-0.466943	-22.5083	7.31524	-22.4161	7.39782	4.99749	0.66049	-0.391345	3.94647	3.06598	0.315608	2.17718e-314
-22.2005	7.43856	4.98871	0.572532	-0.50567	-22.0543	7.85452	-22.2173	7.54917	5.00251	0.640923	-0.386458	4.00974	2.99118	6.95312e-310	2.42822
-22.0187	7.59982	4.99021	0.562661	-0.489808	-22.1947	7.69478	-22.0154	7.69679	5.00754	0.6216	-0.381509	4.07087	2.91607	2.1274	2.17718e-314
-21.8347	7.76947	4.9465	0.567517	-0.442749	-21.6178	9.0351	-21.8105	7.84064	5.01256	0.602525	-0.376501	4.12989	2.84074	6.95312e-310	5.84052
-21.627	7.91125	4.95777	0.549466	-0.438304	-21.6473	7.94	-21.6026	7.98072	5.01757	0.583699	-0.371433	4.18681	2.76526	0.0710624	2.17718e-314
-21.4378	8.04304	4.91272	0.537473	-0.422579	-21.8637	7.78661	-21.392	8.11703	5.02257	0.565128	-0.366307	4.24166	2.68971	6.95312e-310	1.69802
-21.2175	8.07218	4.81022	0.482671	-0.4593	-21.0853	7.83229	-21.1787	8.24957	5.02756	0.546812	-0.361122	4.29447	2.61417	4.3907	2.17718e-314
-21.0284	8.21881	4.73514	0.490786	-0.405739	-20.5503	9.28616	-20.9628	8.37833	5.03253	0.528756	-0.355881	4.34526	2.53871	6.95312e-310	6.3084
-20.8499	8.37141	4.74231	0.491032	-0.384257	-21.0519	8.50983	-20.7444	8.50333	5.03748	0.510962	-0.350583	4.39406	2.46341	3.21048	2.17718e-314
-20.607	8.48603	4.83281	0.460921	-0.4053	-19.9265	9.40847	-20.5237	8.62457	5.0424	0.493433	-0.34523	4.4409	2.38835	6.95312e-310	4.44189
-20.3535	8.62988	4.92453	0.44872	-0.395166	-20.21	8.68914	-20.3006	8.74206	5.0473	0.476172	-0.339823	4.48582	2.31358	1.40379	2.17718e-314
-20.1576	8.75578	4.84804	0.451803	-0.355359	-20.2277	8.8532	-20.0753	8.85583	5.05217	0.459181	-0.334362	4.52884	2.23919	6.95312e-310	1.9574
-19.9604	8.85529	4.81337	0.435609	-0.35435	-20.0633	8.86724	-19.848	8.96589	5.057	0.442462	-0.328848	4.57001	2.16524	0.572629	2.17718e-314
-19.7649	8.96727	4.74189	0.434811	-0.323847	-19.9264	8.78179	-19.6186	9.07227	5.0618	0.42602	-0.323282	4.60937	2.09179	6.95312e-310	1.44735
-19.5436	9.03985	4.72385	0.408271	-0.334924	-19.4861	8.96665	-19.3873	9.17499	5.06656	0.409856	-0.317665	4.64694	2.01891	0.483405	2.17718e-314
-19.3027	9.14824	4.79205	0.391505	-0.338407	-18.5719	10.2069	-19.1542	9.27409	5.07128	0.393973	-0.311998	4.68278	1.94666	6.95312e-310	4.55658
-19.0112	9.24781	4.90255	0.369138	-0.342251	-18.6786	9.19191	-18.9193	9.36959	5.07596	0.378373	-0.306282	4.71692	1.8751	6.05877	2.17718e-314
-18.7963	9.32896	4.88076	0.351039	-0.344779	-19.2825	8.98189	-18.6827	9.46154	5.08058	0.363059	-0.300517	4.7494	1.80429	6.95312e-310	1.65561
-18.5373	9.43645	4.94784	0.340004	-0.337149	-18.4242	9.46852	-18.4446	9.54996	5.08516	0.348033	-0.294705	4.78028	1.73429	0.798586	2.17718e-314
-18.2701	9.47172	5.02705	0.290035	-0.388846	-18.1634	8.72444	-18.2049	9.63492	5.08968	0.333298	-0.288846	4.80959	1.66514	6.95312e-310	5.54575
-17.9702	9.61085	5.17651	0.291198	-0.364641	-17.7736	9.72478	-17.9639	9.71643	5.09414	0.318855	-0.282942	4.83737	1.59691	3.1579	2.17718e-314
-17.7241	9.70531	5.13516	0.291052	-0.331741	-17.2296	9.97767	-17.7214	9.79457	5.09855	0.304708	-0.276993	4.86368	1.52964	6.95312e-310	2.96495
-17.4459	9.81612	5.21635	0.28661	-0.317562	-17.3436	9.88109	-17.4777	9.86936	5.10289	0.290859	-0.271	4.88856	1.46338	0.910812	2.17718e-314
-17.1958	9.89676	5.22512	0.273823	-0.31474	-17.1554	10.212	-17.2328	9.94087	5.10717	0.277309	-0.264964	4.91205	1.39818	6.95312e-310	0.425656
-16.9212	10.0213	5.30513	0.277618	-0.292998	-16.8876	10.145	-16.9868	10.0091	5.11138	0.26406	-0.258887	4.93421	1.33408	1.07116	2.17718e-314
-16.6639	10.0926	5.30712	0.263219	-0.292299	-16.5958	10.1078	-16.7396	10.0743	5.11551	0.251116	-0.252769	4.95507	1.27113	6.95312e-310	0.0372466
-16.4179	10.1951	5.31834	0.262728	-0.277457	-16.5153	10.3091	-16.4915	10.1362	5.11958	0.238478	-0.246611	4.97469	1.20937	1.22278	2.17718e-314
-16.1578	10.2681	5.33813	0.248906	-0.280055	-16.09	10.5824	-16.2424	10.1952	5.12357	0.226147	-0.240414	4.99311	1.14883	6.95312e-310	0.473457
-15.9305	10.2827	5.25097	0.218403	-0.298491	-16.006	10.1843	-15.9924	10.2511	5.12748	0.214126	-0.234179	5.01039	1.08956	1.00573	2.17718e-314
-15.6825	10.3487	5.22254	0.211735	-0.284371	-15.7234	10.41	-15.7416	10.3041	5.13132	0.202417	-0.227907	5.02655	1.03159	6.95312e-310	0.288556
-15.4709	10.3325	5.1032	0.173836	-0.310987	-15.5699	10.1904	-15.4899	10.3543	5.13507	0.191022	-0.221599	5.04166	0.974957	1.96349	2.17718e-314
-15.1683	10.365	5.25122	0.141692	-0.343182	-14.2385	10.9109	-15.2376	10.4016	5.13873	0.179942	-0.215255	5.05576	0.919692	6.95312e-310	7.73228
-14.9087	10.4178	5.26217	0.131324	-0.335796	-14.9365	10.4722	-14.9846	10.4462	5.14231	0.169179	-0.208879	5.06889	0.865828	0.208919	2.17718e-314
-14.6692	10.4495	5.14022	0.127473	-0.303578	-14.724	9.63507	-14.7309	10.4882	5.14579	0.158735	-0.202468	5.0811	0.813394	6.95312e-310	6.48934
-14.4328	10.4105	5.06907	0.085946	-0.332988	-14.4088	10.222	-14.4766	10.5276	5.14919	0.148612	-0.196027	5.09243	0.762418	2.17118	2.17718e-314
-14.173	10.4346	5.07415	0.0719823	-0.327993	-13.9005	10.5238	-14.2218	10.5645	5.15249	0.138811	-0.189554	5.10293	0.712926	6.95312e-310	0.546236
-13.8588	10.5906	5.24639	0.109409	-0.266623	-13.8049	10.9383	-13.9665	10.5989	5.15569	0.129333	-0.183051	5.11263	0.664944	7.80846	2.17718e-314
-13.6059	10.6499	5.18296	0.119658	-0.225211	-13.3956	10.7857	-13.7107	10.631	5.1588	0.120181	-0.176519	5.12159	0.618496	6.95312e-310	2.16218
-13.3601	10.6452	5.14687	0.0950488	-0.240157	-13.3556	10.5517	-13.4545	10.6608	5.1618	0.111355	-0.169959	5.12983	0.573603	0.529731	2.17718e-314
-13.0973	10.6706	5.16523	0.0830178	-0.241342	-12.9374	10.8137	-13.1979	10.6884	5.16471	0.102857	-0.163373	5.13741	0.530288	6.95312e-310	0.208309
-12.8405	10.7646	5.20021	0.099866	-0.209795	-12.9591	11.0099	-12.9409	10.7138	5.16751	0.0946879	-0.156761	5.14436	0.48857	4.10792	2.17718e-314
-12.5756	10.8156	5.20214	0.103372	-0.189127	-12.2518	11.2495	-12.6836	10.7373	5.1702	0.0868499	-0.150124	5.15071	0.448467	6.95312e-310	1.46033
-12.347	10.7776	5.12145	0.0691429	-0.2166	-12.3713	10.6091	-12.426	10.7587	5.17278	0.0793437	-0.143463	5.15651	0.409997	1.79836	2.17718e-314
-12.0929	10.8121	5.09396	0.0707914	-0.195243	-11.9352	10.9161	-12.1681	10.7783	5.17526	0.0721706	-0.136779	5.16179	0.373177	6.95312e-310	0.662292
-11.8448	10.8767	5.10579	0.0795009	-0.175394	-11.9451	11.0515	-11.91	10.7961	5.17763	0.0653316	-0.130074	5.16658	0.338022	2.20056	2.17718e-314
-11.5676	10.898	5.14441	0.0719399	-0.173241	-10.9703	10.9676	-11.6516	10.8121	5.17988	0.0588279	-0.123349	5.17092	0.304546	6.95312e-310	2.68672
-11.3412	10.9105	5.09098	0.0610601	-0.176194	-11.4548	10.9407	-11.393	10.8265	5.18202	0.0526604	-0.116604	5.17484	0.272761	0.758832	2.17718e-314
-11.0735	10.849	5.21309	-0.000582428	-0.266405	-11.3472	10.5111	-11.1342	10.8394	5.18405	0.0468302	-0.10984	5.17836	0.242681	6.95312e-310	9.29261
-10.7777	10.8241	5.26464	-0.0222477	-0.274617	-10.6009	10.6823	-10.8753	10.8509	5.18596	0.0413382	-0.10306	5.18153	0.214317	2.7088	2.17718e-314
-10.5221	10.8211	5.24469	-0.033016	-0.26957	-10.6563	10.8369	-10.6161	10.8609	5.18775	0.0361852	-0.0962627	5.18435	0.187679	6.95312e-310	0.19973
-10.2909	10.814	5.19309	-0.0462198	-0.270038	-10.4142	10.8747	-10.3569	10.8697	5.18942	0.0313721	-0.0894504	5.18687	0.162776	1.01521	2.17718e-314
-10.0474	10.8644	5.07112	-0.0177968	-0.198968	-9.90413	11.2255	-10.0976	10.8772	5.19097	0.0268996	-0.0826241	5.1891	0.139618	6.95312e-310	6.62052
-9.78439	10.913	5.10493	-0.00645116	-0.175688	-9.83445	11.1032	-9.83809	10.8837	5.19241	0.0227684	-0.0757847	5.19106	0.118212	2.15518	2.17718e-314
-9.55931	10.8902	5.03796	-0.0226578	-0.182133	-10.195	10.3498	-9.57852	10.8891	5.19372	0.0189791	-0.0689333	5.19278	0.0985664	6.95312e-310	3.87904
-9.29582	10.9181	5.06896	-0.0179891	-0.167113	-9.3066	11.0348	-9.31887	10.8936	5.19491	0.0155325	-0.062071	5.19428	0.0806865	0.783046	2.17718e-314
-9.05441	10.8961	5.02549	-0.0298856	-0.166303	-9.2226	10.3527	-9.05915	10.8972	5.19597	0.0124289	-0.0551989	5.19557	0.0645787	6.95312e-310	2.563
-8.78624	10.9295	5.06761	-0.0214429	-0.148106	-8.78899	11.0707	-8.79937	10.9001	5.19691	0.00966898	-0.0483182	5.19667	0.050248	1.14594	2.17718e-314
-8.55135	10.8846	5.01968	-0.0435861	-0.1628	-8.83914	10.0319	-8.53953	10.9023	5.19773	0.00725307	-0.0414297	5.19759	0.0376992	6.95312e-310	6.28143
-8.39459	10.8029	4.83483	-0.0828617	-0.197459	-8.62045	10.6577	-8.27965	10.9039	5.19842	0.00518158	-0.0345348	5.19835	0.0269359	4.59693	2.17718e-314
-8.14774	10.8119	4.81864	-0.0750693	-0.170157	-7.91543	11.1157	-8.01974	10.905	5.19899	0.00345484	-0.0276344	5.19896	0.0179617	6.95312e-310	1.56784
-7.79717	10.8649	5.03058	-0.0495503	-0.131575	-7.51971	11.0005	-7.75979	10.9057	5.19943	0.00207312	-0.0207296	5.19942	0.0107791	6.03438	2.17718e-314
-7.53669	10.8648	5.01303	-0.0423357	-0.105048	-7.25987	10.6458	-7.49981	10.9061	5.19975	0.00103664	-0.0138215	5.19975	0.00539029	6.95312e-310	2.17271
-7.25673	10.8547	5.06643	-0.0455054	-0.102356	-7.15631	10.815	-7.23983	10.9063	5.19994	0.000345566	-0.00691132	5.19994	0.00179692	0.649226	2.17718e-314
